1 1 1.0604 -14.2021 1.42158
2 2 12.5937 6.9309 -0.769509
3 2 -13.3788 7.07907 -0.406216
4 1 0.300283 -14.3732 0.405203
5 2 12.767 7.14282 -0.218742
6 2 -13.0617 7.16559 -0.134556
7 1 -0.299557 -14.3733 0.404684
8 2 13.0613 7.16565 -0.134453
9 2 -12.7673 7.14296 -0.218359
11 2 13.3805 7.07984 -0.405428
22 1 0.505558 -13.6411 0.544185
23 2 12.8914 6.74949 -0.231127
24 2 -13.1548 6.87675 -0.15544
25 1 0.173833 -13.984 0.278653
26 2 12.8817 6.94664 -0.108031
27 2 -13.0254 6.98546 -0.081557
28 1 -0.173498 -13.9843 0.278465
29 2 13.0252 6.98554 -0.0815251
30 2 -12.8818 6.94683 -0.107919
32 2 13.1568 6.8775 -0.155264
43 1 0.148826 -13.6436 0.185933
44 2 13.0602 6.78339 -0.0447641
45 2 -13.0165 6.86099 -0.0349049
46 1 0.042037 -13.8538 0.137119
47 2 12.9746 6.90746 -0.0272023
48 2 -12.9978 6.93305 -0.0232982
49 1 -0.0420961 -13.854 0.137085
50 2 12.9978 6.93312 -0.0232929
