1 1.0604 -14.2021 1.42158
2 12.5937 6.9309 -0.769509
3 -13.3788 7.07907 -0.406216
4 0.300283 -14.3732 0.405203
5 12.767 7.14282 -0.218742
6 -13.0617 7.16559 -0.134556
7 -0.299557 -14.3733 0.404684
8 13.0613 7.16565 -0.134453
9 -12.7673 7.14296 -0.218359
10 -1.0154 -14.219 1.41889
11 13.3805 7.07984 -0.405428
12 -12.4954 6.94727 -0.768348
13 -0.950262 -13.944 3.42829
14 13.4668 6.82467 -1.14267
15 -12.6557 6.69169 -1.49232
16 0.000217328 -13.7771 4.27687
17 13.1057 6.6326 -1.64674
18 -13.1058 6.6326 -1.64674
19 0.905991 -13.9275 3.42828
20 12.6535 6.69119 -1.49232
21 -13.5652 6.80871 -1.14267
22 0.505558 -13.6411 0.544185
23 12.8914 6.74949 -0.231127
24 -13.1548 6.87675 -0.15544
25 0.173833 -13.984 0.278653
26 12.8817 6.94664 -0.108031
27 -13.0254 6.98546 -0.081557
28 -0.173498 -13.9843 0.278465
29 13.0252 6.98554 -0.0815251
30 -12.8818 6.94683 -0.107919
31 -0.461044 -13.6583 0.543621
32 13.1568 6.8775 -0.155264
33 -12.793 6.7658 -0.230901
34 -0.407625 -13.1446 0.957421
35 13.1795 6.65827 -0.304204
36 -12.8622 6.55748 -0.372567
37 0.00021534 -12.9048 1.14933
38 13.0417 6.50711 -0.406628
39 -13.0419 6.50711 -0.406626
40 0.363326 -13.1282 0.957411
41 12.8601 6.55698 -0.372563
42 -13.2779 6.6423 -0.3042
43 0.148826 -13.6436 0.185933
44 13.0602 6.78339 -0.0447641
45 -13.0165 6.86099 -0.0349049
46 0.042037 -13.8538 0.137119
47 12.9746 6.90746 -0.0272023
48 -12.9978 6.93305 -0.0232982
49 -0.0420961 -13.854 0.137085
50 12.9978 6.93312 -0.0232929
51 -12.9745 6.90758 -0.0271889
52 -0.104521 -13.6605 0.185848
53 13.0186 6.86164 -0.0348832
54 -12.9618 6.79955 -0.0447386
55 -0.0892871 -13.3979 0.253365
56 13.0208 6.73802 -0.0551266
57 -12.9727 6.68505 -0.0635942
58 0.000213617 -13.2734 0.285853
59 12.9999 6.65521 -0.0688508
60 -13 6.65521 -0.0688484
61 0.0449844 -13.3815 0.253356
62 12.9706 6.68455 -0.0635902
63 -13.1192 6.72204 -0.0551228
64 -0.0978617 -13.6565 -0.0124535
65 13.1927 6.78168 0.0707958
66 -12.9024 6.87417 0.0478955
67 -0.056682 -13.8758 0.0319961
68 13.0492 6.92994 0.0314726
69 -12.9736 6.95912 0.0231485
70 0.0563494 -13.876 0.0320283
71 12.9738 6.95919 0.0231376
72 -13.049 6.93008 0.0314351
73 0.142064 -13.6734 -0.0123545
74 12.9046 6.87485 0.0478326
75 -13.0943 6.79789 0.0707224
76 0.12288 -13.3947 -0.0756533
77 12.8942 6.71877 0.094851
78 -13.0582 6.65095 0.115378
79 0.00021233 -13.2623 -0.106285
80 12.9654 6.61271 0.127173
81 -12.9656 6.61271 0.127176
82 -0.167184 -13.3782 -0.0756622
83 13.0561 6.65045 0.115382
84 -12.9926 6.70279 0.0948548
85 -0.487006 -13.7072 -0.284918
86 13.446 6.76833 0.283898
87 -12.7169 6.95333 0.158509
88 -0.186665 -14.0679 -0.0585144
89 13.1593 7.04004 0.0904214
90 -12.9425 7.07945 0.057165
91 0.185946 -14.0682 -0.0583657
92 12.9428 7.07953 0.0571254
93 -13.1589 7.04025 0.0902689
94 0.530928 -13.7245 -0.284392
95 12.7194 6.95418 0.158228
96 -13.3474 6.78487 0.28349
97 0.47932 -13.1062 -0.672815
98 12.6499 6.59906 0.417102
99 -13.2194 6.4357 0.535925
100 0.000210981 -12.8374 -0.844118
101 12.9076 6.36385 0.589815
102 -12.9077 6.36385 0.589817
103 -0.523626 -13.0897 -0.672823
104 13.2172 6.4352 0.535929
105 -12.7483 6.58308 0.417106
106 -1.21956 -14.3762 -0.743268
107 13.9973 7.23883 0.756679
108 -12.5022 7.38258 0.232552
109 -0.27689 -14.543 -0.0545225
110 13.2203 7.35002 0.0771796
111 -12.9378 7.31151 0.0293729
112 0.275769 -14.543 -0.054253
113 12.9382 7.31148 0.02933
114 -13.2196 7.34991 0.0769196
115 1.26201 -14.3937 -0.741
116 12.5054 7.38306 0.231752
117 -13.8979 7.25562 0.754473
118 1.20614 -13.1745 -2.90513
119 12.0562 6.89638 1.59029
120 -13.4016 6.75679 2.10789
121 0.000208233 -12.9686 -3.51662
122 12.8134 6.76546 2.24984
123 -12.8136 6.76546 2.24984
124 -1.25045 -13.1581 -2.90514
125 13.3994 6.75628 2.10789
126 -12.1546 6.8804 1.59029
127 -0.288728 -16.3752 0.663565
128 13.2448 8.51825 -0.629665
129 -13.1209 7.80344 -0.353937
130 0.0394885 -14.9657 0.237181
131 12.9086 7.51586 -0.164919
132 -13.03 7.39629 -0.09002
133 -0.0395778 -14.9651 0.236911
134 13.0298 7.39619 -0.0899375
135 -12.9087 7.51533 -0.164555
136 0.330794 -16.3876 0.663211
137 13.1232 7.80263 -0.353119
138 -13.145 8.53138 -0.629548
139 0.344114 -19.9582 -4.728
140 12.5888 9.59854 -0.140823
141 -12.6393 10.3061 -0.407354
142 0.000208707 -21.1448 -4.38539
143 12.7867 10.5456 -0.571094
144 -12.7868 10.5456 -0.571091
145 -0.388455 -19.9418 -4.72801
146 12.6371 10.3056 -0.407351
147 -12.6872 9.58257 -0.14082
148 0.206441 -14.4408 0.443117
149 12.9926 7.19727 -0.26643
150 -13.07 7.19434 -0.187368
151 0.0698091 -14.3631 0.225773
152 12.9324 7.18266 -0.136269
153 -13.0069 7.17639 -0.106276
154 -0.0698068 -14.3631 0.225607
155 13.0068 7.17641 -0.106243
156 -12.9324 7.18266 -0.136137
157 -0.162169 -14.4571 0.442693
158 13.0721 7.19478 -0.187175
159 -12.8942 7.21318 -0.266195
160 -0.140093 -14.6076 0.740967
161 13.0787 7.23343 -0.338755
162 -12.9278 7.25044 -0.40825
163 0.000216344 -14.6722 0.887271
164 13.0145 7.25809 -0.444119
165 -13.0146 7.25809 -0.444119
166 0.0958305 -14.5911 0.740968
167 12.9256 7.24995 -0.40825
168 -13.1772 7.21747 -0.338755
169 0.20471 -14.0372 0.331111
170 13.0166 6.97488 -0.163226
171 -13.0487 7.01778 -0.122373
172 0.0681564 -14.1247 0.19087
173 12.9479 7.0382 -0.0935416
174 -13.0025 7.04905 -0.077419
175 -0.0681466 -14.1248 0.190749
176 13.0025 7.0491 -0.077399
177 -12.9478 7.03827 -0.0934785
178 -0.160387 -14.0538 0.330822
179 13.0508 7.01833 -0.122273
180 -12.9182 6.99093 -0.163109
181 -0.137461 -13.9561 0.525908
182 13.0558 6.9638 -0.203015
183 -12.9438 6.93997 -0.23881
184 0.000213757 -13.913 0.614433
185 13.0071 6.9263 -0.258422
186 -13.0072 6.9263 -0.258421
187 0.093171 -13.9396 0.525909
188 12.9416 6.93947 -0.23881
189 -13.1542 6.94782 -0.203015
190 0.0872958 -13.8774 0.111315
191 13.0766 6.9092 -0.0421829
192 -12.9966 6.95565 -0.034722
193 0.0182449 -13.9823 0.0759473
194 12.9825 6.97786 -0.0294899
195 -12.9913 6.99107 -0.0263136
196 -0.0183683 -13.9824 0.0759178
197 12.9913 6.99112 -0.0263093
198 -12.9824 6.97794 -0.0294773
199 -0.0430244 -13.894 0.111245
200 12.9987 6.95621 -0.0347027
201 -12.9782 6.92526 -0.0421611
202 -0.0360655 -13.7785 0.157932
203 12.9992 6.89679 -0.0490426
204 -12.9822 6.87087 -0.055316
205 0.000212032 -13.7255 0.179479
206 12.9918 6.85775 -0.0584776
207 -12.9919 6.85775 -0.0584772
208 -0.00822789 -13.762 0.157933
209 12.98 6.87037 -0.0553166
210 -13.0977 6.88081 -0.0490427
211 -0.0359997 -13.871 -0.0695546
212 13.1427 6.91589 0.0613423
213 -12.9394 6.96759 0.0426168
214 -0.033939 -13.9874 -0.0323736
215 13.0219 6.99296 0.0299664
216 -12.9785 7.00782 0.0225531
217 0.0336734 -13.9875 -0.0323452
218 12.9786 7.00787 0.0225433
219 -13.0217 6.99304 0.0299351
220 0.0802242 -13.8876 -0.0694823
221 12.9416 6.96816 0.0425708
222 -13.0443 6.93197 0.0612871
223 0.0678658 -13.7543 -0.120822
224 12.9377 6.89811 0.0790042
225 -13.0246 6.86704 0.0953749
226 0.000210746 -13.6926 -0.144848
227 12.9755 6.85131 0.103675
228 -12.9756 6.8513 0.103675
229 -0.112161 -13.7378 -0.12082
230 13.0224 6.86654 0.0953744
231 -13.0362 6.88213 0.079004
232 -0.184103 -14.018 -0.259826
233 13.2284 7.00198 0.186843
234 -12.8716 7.06024 0.118485
235 -0.0878772 -14.1457 -0.112292
236 13.0667 7.08416 0.078339
237 -12.9654 7.09873 0.0538629
238 0.0874593 -14.1459 -0.112199
239 12.9656 7.09878 0.0538354
240 -13.0665 7.08424 0.0782367
241 0.228259 -14.0347 -0.259533
242 12.8739 7.06082 0.118328
243 -13.1299 7.01809 0.186635
244 0.198155 -13.8635 -0.481341
245 12.8576 6.97769 0.251335
246 -13.0812 6.93771 0.314054
247 0.000209397 -13.7802 -0.588276
248 12.9545 6.92011 0.342918
249 -12.9546 6.9201 0.342918
250 -0.242452 -13.847 -0.48134
251 13.079 6.93721 0.314054
252 -12.956 6.96172 0.251334
253 -0.301814 -14.4284 -0.372953
254 13.2739 7.26703 0.239234
255 -12.8429 7.26431 0.123199
256 -0.117765 -14.4261 -0.106615
257 13.0736 7.24817 0.0594226
258 -12.9605 7.23578 0.0304871
259 0.117247 -14.4261 -0.106451
260 12.9607 7.2358 0.0304427
261 -13.0733 7.24814 0.0593002
262 0.345835 -14.4449 -0.37232
263 12.8452 7.26474 0.122944
264 -13.1754 7.28295 0.238858
265 0.313793 -14.4215 -0.857285
266 12.8068 7.2933 0.369191
267 -13.1097 7.30553 0.482399
268 0.000206225 -14.4183 -1.06597
269 12.9445 7.31399 0.532711
270 -12.9446 7.31399 0.532711
271 -0.358095 -14.405 -0.857284
272 13.1076 7.30503 0.482398
273 -12.9052 7.27733 0.369191
274 -0.0951304 -14.9108 0.0211224
275 13.1463 7.47169 -0.0535083
276 -12.9721 7.38556 -0.0674299
277 -0.0312822 -14.666 0.0799441
278 13.0088 7.32334 -0.0613839
279 -12.9989 7.2891 -0.0536537
280 0.0310365 -14.6659 0.079944
281 12.9989 7.28909 -0.053639
282 -13.0087 7.32322 -0.0613605
283 0.139258 -14.9267 0.021346
284 12.9743 7.38582 -0.0674314
285 -13.0479 7.48734 -0.0535859
286 0.138129 -15.3235 -0.205082
287 12.951 7.58887 -0.025517
288 -13.0253 7.68107 -0.00836454
289 0.000206444 -15.5045 -0.270721
290 12.9912 7.72547 -0.0075109
291 -12.9913 7.72547 -0.00751052
292 -0.182461 -15.307 -0.20508
293 13.0231 7.68056 -0.00836564
294 -13.0494 7.57291 -0.0255176
295 0.0730834 -14.3488 0.100674
296 13.0689 7.17782 -0.0601561
297 -13.0067 7.18037 -0.0503617
298 0.0129542 -14.3202 0.0674628
299 12.9778 7.17375 -0.0387382
300 -12.9944 7.16884 -0.0337099
301 -0.0130983 -14.3202 0.0674377
302 12.9944 7.16887 -0.033703
303 -12.9777 7.17375 -0.0387178
304 -0.0288536 -14.3652 0.100615
305 13.0089 7.18082 -0.050326
306 -12.9705 7.19375 -0.0601218
307 -0.0229168 -14.4261 0.14205
308 13.0092 7.20381 -0.0742399
309 -12.978 7.21504 -0.0820796
310 0.000216697 -14.454 0.162493
311 12.9958 7.21903 -0.0903255
312 -12.9959 7.21902 -0.0903255
313 -0.021345 -14.4097 0.14205
314 12.9758 7.21454 -0.0820799
315 -13.1076 7.18785 -0.0742402
316 0.0937399 -14.1593 0.0974491
317 13.0639 7.04919 -0.0494739
318 -13.0079 7.07114 -0.0396051
319 0.0213897 -14.1871 0.0655457
320 12.9746 7.07624 -0.0326882
321 -12.9939 7.07911 -0.0285113
322 -0.0215084 -14.1872 0.0655196
323 12.9939 7.07915 -0.0285057
324 -12.9745 7.07628 -0.032671
325 -0.0494716 -14.1758 0.0973874
326 13.01 7.07164 -0.0395799
327 -12.9655 7.06518 -0.049445
328 -0.0406777 -14.1617 0.139035
329 13.0108 7.05933 -0.0585172
330 -12.9743 7.05404 -0.0667859
331 0.000214902 -14.1553 0.158202
332 12.9948 7.05133 -0.0709702
333 -12.9949 7.05133 -0.0709702
334 -0.00361129 -14.1453 0.139035
335 12.9721 7.05354 -0.0667861
336 -13.1092 7.04335 -0.0585174
337 0.0570758 -14.0064 0.0397395
338 13.0861 6.98153 -0.0149332
339 -12.9882 7.01152 -0.0126753
340 0.00542389 -14.0628 0.0288998
341 12.9883 7.02228 -0.0110769
342 -12.9894 7.02858 -0.0101133
343 -0.00558369 -14.0629 0.0288909
344 12.9894 7.02862 -0.010112
345 -12.9882 7.02233 -0.0110729
346 -0.0128176 -14.0229 0.0397184
347 12.9904 7.01204 -0.0126693
348 -12.9877 6.99755 -0.0149265
349 -0.0106054 -13.9719 0.0537506
350 12.9904 6.98436 -0.0169748
351 -12.9882 6.97245 -0.0188397
352 0.000213082 -13.9488 0.060224
353 12.9894 6.96643 -0.0197943
354 -12.9896 6.96643 -0.0197943
355 -0.0336863 -13.9554 0.0537508
356 12.986 6.97195 -0.01884
357 -13.0889 6.96838 -0.016975
358 -0.0017673 -13.9956 -0.0248313
359 13.1174 6.98858 0.0215555
360 -12.9607 7.02042 0.0154074
361 -0.0201273 -14.0598 -0.0120762
362 13.0075 7.03238 0.0111693
363 -12.9831 7.03937 0.00861787
364 0.0198996 -14.0599 -0.012066
365 12.9831 7.03941 0.00861447
366 -13.0074 7.03243 0.0111588
367 0.0460058 -14.0122 -0.0248067
368 12.9629 7.02095 0.0153922
369 -13.019 7.0046 0.0215377
370 0.038063 -13.9504 -0.0420323
371 12.9616 6.98957 0.0273161
372 -13.008 6.97591 0.0326518
373 0.000211796 -13.9221 -0.0500731
374 12.9818 6.96901 0.0353538
375 -12.982 6.96901 0.0353538
376 -0.0823564 -13.9339 -0.0420321
377 13.0058 6.97541 0.0326516
378 -13.06 6.97359 0.0273159
379 -0.0601261 -14.1274 -0.082809
380 13.1461 7.07021 0.0536808
381 -12.9361 7.09579 0.0375118
382 -0.0445347 -14.1786 -0.0425721
383 13.0242 7.10305 0.0266426
384 -12.9776 7.10702 0.0202851
385 0.0442413 -14.1787 -0.0425406
386 12.9777 7.10706 0.0202768
387 -13.0241 7.10309 0.0266162
388 0.104342 -14.1439 -0.0827293
389 12.9383 7.0963 0.0374721
390 -13.0476 7.08621 0.0536331
391 0.0873915 -14.0964 -0.138513
392 12.9349 7.07664 0.0690133
393 -13.0265 7.06777 0.083251
394 0.000210448 -14.0741 -0.164634
395 12.9748 7.06321 0.0904584
396 -12.9749 7.06321 0.0904584
397 -0.131686 -14.0799 -0.138513
398 13.0243 7.06727 0.0832507
399 -13.0333 7.06066 0.0690131
400 -0.0798531 -14.3613 -0.0983949
401 13.149 7.20043 0.0540053
402 -12.9338 7.20527 0.034584
403 -0.0502726 -14.3612 -0.0370909
404 13.0244 7.19865 0.0195865
405 -12.9777 7.19394 0.0125348
406 0.0499656 -14.3612 -0.0370497
407 12.9778 7.19397 0.0125256
408 -13.0242 7.19865 0.0195566
409 0.124059 -14.3777 -0.0982665
410 12.936 7.20572 0.0345297
411 -13.0505 7.21637 0.0539424
412 0.106315 -14.3974 -0.184928
413 12.9306 7.22494 0.0765379
414 -13.0287 7.23355 0.094185
415 0.000207266 -14.4048 -0.229176
416 12.9731 7.23724 0.10555
417 -12.9732 7.23724 0.10555
418 -0.150615 -14.3809 -0.184928
419 13.0265 7.23305 0.0941847
420 -13.029 7.20896 0.0765377
421 -0.0142062 -14.5797 -0.00222771
422 13.1181 7.26819 -0.0111746
423 -12.9797 7.25796 -0.0125251
424 -0.0226484 -14.5239 0.0166775
425 13.0094 7.24042 -0.0169967
426 -12.9959 7.22991 -0.0145523
427 0.022417 -14.5239 0.0166894
428 12.996 7.22993 -0.014553
429 -13.0093 7.2404 -0.0169917
430 0.0584663 -14.596 -0.0021798
431 12.9819 7.25839 -0.0125338
432 -13.0197 7.28408 -0.0111811
433 0.0516557 -14.6921 -0.0380369
434 12.9787 7.30837 -0.00352798
435 -13.0123 7.33021 -0.0018482
436 0.000206856 -14.7364 -0.0537796
437 12.994 7.34144 0.00283993
438 -12.9942 7.34143 0.00283993
439 -0.0959866 -14.6756 -0.0380367
440 13.0101 7.3297 -0.00184845
441 -13.077 7.2924 -0.00352821
442 0.0730249 -14.3488 -0.100306
443 13.0689 7.1778 0.0599811
444 -13.0067 7.18036 0.0502167
445 0.0129291 -14.3202 -0.0672121
446 12.9778 7.17374 0.0386381
447 -12.9944 7.16883 0.0336263
448 -0.0130733 -14.3202 -0.0671872
449 12.9944 7.16886 0.0336195
450 -12.9777 7.17375 0.0386178
451 -0.0287952 -14.3651 -0.100247
452 13.0089 7.18081 0.0501814
453 -12.9705 7.19373 0.0599471
454 -0.0228684 -14.426 -0.141533
455 13.0091 7.20378 0.0740112
456 -12.978 7.215 0.0818272
457 0.000216801 -14.4538 -0.1619
458 12.9958 7.21899 0.0900393
459 -12.9959 7.21899 0.0900393
460 -0.0213933 -14.4096 -0.141533
461 12.9758 7.2145 0.0818272
462 -13.1075 7.18782 0.0740112
463 0.0936785 -14.1593 -0.0971089
464 13.0639 7.04923 0.0493421
465 -13.0078 7.07118 0.0395042
466 0.0213637 -14.1871 -0.0653067
467 12.9746 7.07627 0.0326093
468 -12.9939 7.07914 0.0284455
469 -0.0214825 -14.1872 -0.0652808
470 12.9939 7.07918 0.0284399
471 -12.9745 7.07631 0.0325922
472 -0.0494102 -14.1758 -0.0970477
473 13.01 7.07168 0.0394793
474 -12.9655 7.06523 0.0493135
475 -0.0406262 -14.1618 -0.138563
476 13.0108 7.05939 0.058357
477 -12.9743 7.05411 0.0665994
478 0.000215006 -14.1554 -0.157668
479 12.9948 7.0514 0.0707704
480 -12.9949 7.05139 0.0707704
481 -0.00366273 -14.1454 -0.138563
482 12.9721 7.05361 0.0665994
483 -13.1092 7.04341 0.058357
484 0.0570549 -14.0065 -0.0395742
485 13.0861 6.98159 0.0149053
486 -12.9882 7.01156 0.0126541
487 0.00541497 -14.0628 -0.0287675
488 12.9883 7.02232 0.0110608
489 -12.9894 7.02861 0.0101001
490 -0.00557491 -14.0629 -0.0287588
491 12.9894 7.02865 0.0100988
492 -12.9882 7.02236 0.0110569
493 -0.0127968 -14.023 -0.0395534
494 12.9904 7.01208 0.0126484
495 -12.9877 6.9976 0.0148988
496 -0.0105881 -13.9721 -0.0535429
497 12.9904 6.98443 0.0169409
498 -12.9882 6.97253 0.0188001
499 0.000213186 -13.9489 -0.0599964
500 12.9894 6.96652 0.0197517
501 -12.9895 6.96651 0.0197517
502 -0.0337036 -13.9556 -0.0535429
503 12.986 6.97203 0.0188001
504 -13.0888 6.96845 0.0169409
505 -0.00174252 -13.9957 0.0248097
506 13.1174 6.98864 -0.0214775
507 -12.9607 7.02047 -0.0153476
508 -0.0201171 -14.0599 0.0120918
509 13.0075 7.03241 -0.0111218
510 -12.9831 7.0394 -0.00857784
511 0.0198892 -14.06 0.0120815
512 12.9831 7.03944 -0.00857442
513 -13.0073 7.03246 -0.0111114
514 0.045981 -14.0123 0.0247849
515 12.9629 7.02099 -0.0153323
516 -13.019 7.00466 -0.0214595
517 0.0380414 -13.9505 0.0419598
518 12.9616 6.98964 -0.0272207
519 -13.008 6.97599 -0.0325406
520 0.0002119 -13.9223 0.049977
521 12.9818 6.9691 -0.0352346
522 -12.982 6.9691 -0.0352346
523 -0.0823347 -13.934 0.0419598
524 13.0058 6.97549 -0.0325406
525 -13.06 6.97366 -0.0272207
526 -0.0600462 -14.1274 0.082615
527 13.146 7.07025 -0.0535049
528 -12.9362 7.09581 -0.0373862
529 -0.0445032 -14.1787 0.0425013
530 13.0242 7.10307 -0.0265504
531 -12.9776 7.10703 -0.0202123
532 0.0442097 -14.1787 0.0424697
533 12.9777 7.10707 -0.020204
534 -13.024 7.1031 -0.026524
535 0.104262 -14.144 0.0825352
536 12.9384 7.09632 -0.0373464
537 -13.0476 7.08625 -0.0534572
538 0.0873213 -14.0965 0.138146
539 12.9349 7.07669 -0.0687893
540 -13.0264 7.06783 -0.0829824
541 0.000210552 -14.0743 0.164186
542 12.9748 7.06328 -0.0901672
543 -12.9749 7.06328 -0.0901672
544 -0.131616 -14.08 0.138146
545 13.0243 7.06733 -0.0829824
546 -13.0333 7.06071 -0.0687893
547 -0.0797248 -14.3612 0.0981318
548 13.1489 7.20039 -0.0538182
549 -12.9339 7.20523 -0.0344596
550 -0.0502315 -14.3611 0.0370349
551 13.0243 7.19862 -0.0195139
552 -12.9777 7.19391 -0.0124843
553 0.0499245 -14.3612 0.0369938
554 12.9778 7.19394 -0.0124752
555 -13.0242 7.19862 -0.0194842
556 0.123931 -14.3776 0.0980037
557 12.9361 7.20569 -0.0344052
558 -13.0505 7.21633 -0.0537553
559 0.106198 -14.3974 0.184372
560 12.9307 7.22489 -0.0762705
561 -13.0287 7.23349 -0.0938601
562 0.000207371 -14.4047 0.228464
563 12.9731 7.23718 -0.105184
564 -12.9732 7.23718 -0.105184
565 -0.150498 -14.3809 0.184372
566 13.0265 7.23299 -0.0938601
567 -13.0291 7.20892 -0.0762705
568 -0.0141581 -14.5795 0.00227304
569 13.1181 7.26808 0.0111469
570 -12.9797 7.25789 0.012499
571 -0.0226365 -14.5238 -0.0165741
572 13.0094 7.24037 0.0169528
573 -12.9959 7.22987 0.0145229
574 0.022405 -14.5238 -0.0165861
575 12.9959 7.2299 0.0145236
576 -13.0093 7.24035 0.0169478
577 0.0584181 -14.5958 0.00222481
578 12.9819 7.25832 0.0125079
579 -13.0197 7.28397 0.0111536
580 0.0516081 -14.6918 0.0379595
581 12.9787 7.30823 0.00353077
582 -13.0123 7.33005 0.00185093
583 0.00020696 -14.736 0.0536516
584 12.994 7.34125 -0.00281802
585 -12.9942 7.34125 -0.00281802
586 -0.0959389 -14.6753 0.0379595
587 13.0101 7.32953 0.00185093
588 -13.077 7.29226 0.00353077
589 0.206017 -14.4407 -0.442548
590 12.9929 7.19732 0.265965
591 -13.0698 7.19438 0.187094
592 0.069642 -14.3631 -0.225743
593 12.9325 7.1827 0.136109
594 -13.0068 7.17642 0.106177
595 -0.0696409 -14.3631 -0.225577
596 13.0067 7.17644 0.106143
597 -12.9325 7.1827 0.135977
598 -0.161746 -14.457 -0.442125
599 13.0719 7.19481 0.186902
600 -12.8944 7.21322 0.265731
601 -0.139709 -14.6073 -0.739582
602 13.0785 7.23347 0.338111
603 -12.9279 7.25049 0.407429
604 0.000216697 -14.6719 -0.885479
605 13.0144 7.25814 0.443209
606 -13.0145 7.25814 0.443209
607 0.0954474 -14.5909 -0.739582
608 12.9257 7.24999 0.407429
609 -13.1769 7.21751 0.338111
610 0.204421 -14.0376 -0.330957
611 13.0167 6.9751 0.163057
612 -13.0486 7.01794 0.122262
613 0.0680357 -14.1249 -0.190929
614 12.9479 7.03832 0.0934722
615 -13.0025 7.04915 0.0773697
616 -0.0680272 -14.125 -0.19081
617 13.0025 7.0492 0.0773497
618 -12.9479 7.03838 0.0934087
619 -0.160099 -14.0542 -0.33067
620 13.0507 7.01849 0.122162
621 -12.9183 6.99115 0.16294
622 -0.137206 -13.9567 -0.525435
623 13.0557 6.96409 0.202785
624 -12.9438 6.94031 0.238527
625 0.000214902 -13.9138 -0.613817
626 13.0071 6.92667 0.258108
627 -13.0072 6.92667 0.258108
628 0.0929168 -13.9403 -0.525436
629 12.9416 6.93981 0.238527
630 -13.1541 6.94811 0.202785
631 0.0872256 -13.8777 -0.111446
632 13.0766 6.90938 0.0421534
633 -12.9965 6.9558 0.0346999
634 0.0182151 -13.9825 -0.0761148
635 12.9825 6.97799 0.0294737
636 -12.9913 6.99117 0.0263002
637 -0.0183395 -13.9826 -0.0760859
638 12.9913 6.99123 0.0262959
639 -12.9824 6.97806 0.0294607
640 -0.0429561 -13.8943 -0.111378
641 12.9987 6.95636 0.0346808
642 -12.9782 6.92545 0.0421316
643 -0.0360076 -13.779 -0.158017
644 12.9992 6.89701 0.0490059
645 -12.9822 6.87112 0.0552728
646 0.000213082 -13.726 -0.179542
647 12.9918 6.85802 0.058431
648 -12.9919 6.85802 0.058431
649 -0.00828419 -13.7625 -0.158017
650 12.98 6.87062 0.0552731
651 -13.0976 6.88103 0.0490061
652 -0.0359276 -13.8713 0.0692948
653 13.1426 6.91608 -0.0612958
654 -12.9394 6.96773 -0.0425868
655 -0.0339109 -13.9876 0.0321429
656 13.0218 6.99307 -0.0299464
657 -12.9785 7.00791 -0.0225394
658 0.0336444 -13.9878 0.0321139
659 12.9786 7.00797 -0.0225297
660 -13.0216 6.99315 -0.0299156
661 0.0801504 -13.8879 0.0692212
662 12.9416 6.96831 -0.0425407
663 -13.0442 6.93216 -0.0612407
664 0.0678012 -13.7548 0.120518
665 12.9378 6.89834 -0.078942
666 -13.0246 6.86731 -0.095298
667 0.000211796 -13.6932 0.144523
668 12.9755 6.8516 -0.103591
669 -12.9756 6.85159 -0.103591
670 -0.112095 -13.7383 0.120518
671 13.0224 6.86681 -0.0952978
672 -13.0362 6.88236 -0.0789418
673 -0.18381 -14.0183 0.259369
674 13.2281 7.0022 -0.186626
675 -12.8718 7.06037 -0.118369
676 -0.0877845 -14.1459 0.112014
677 13.0666 7.08423 -0.0782727
678 -12.9654 7.09878 -0.0538284
679 0.087366 -14.146 0.11192
680 12.9656 7.09883 -0.0538009
681 -13.0664 7.08432 -0.078171
682 0.227965 -14.035 0.259075
683 12.874 7.06094 -0.118213
684 -13.1297 7.01831 -0.186418
685 0.19789 -13.8642 0.480578
686 12.8578 6.97801 -0.251021
687 -13.081 6.93811 -0.313644
688 0.000210448 -13.7811 0.587364
689 12.9545 6.92055 -0.342468
690 -12.9546 6.92055 -0.342468
691 -0.242184 -13.8477 0.480578
692 13.0788 6.93761 -0.313644
693 -12.9562 6.96203 -0.251021
694 -0.301182 -14.4283 0.372186
695 13.2735 7.26692 -0.238804
696 -12.8432 7.26421 -0.123032
697 -0.1176 -14.426 0.106324
698 13.0735 7.24809 -0.0593714
699 -12.9605 7.23572 -0.0304765
700 0.117083 -14.426 0.10616
701 12.9607 7.23574 -0.0304321
702 -13.0732 7.24806 -0.0592497
703 0.345201 -14.4448 0.371554
704 12.8455 7.26464 -0.122777
705 -13.175 7.28285 -0.238429
706 0.31319 -14.4217 0.85542
707 12.8071 7.29323 -0.368431
708 -13.1095 7.30547 -0.481374
709 0.000207266 -14.4186 1.06369
710 12.9446 7.31392 -0.531585
711 -12.9447 7.31392 -0.531585
712 -0.357491 -14.4052 0.855419
713 13.1073 7.30497 -0.481374
714 -12.9055 7.27725 -0.368431
715 -0.094907 -14.91 -0.0212091
716 13.1463 7.47114 0.0533622
717 -12.9721 7.38526 0.0672751
718 -0.0312825 -14.6657 -0.0800147
719 13.0088 7.32318 0.0612784
720 -12.9989 7.289 0.0535847
721 0.0310367 -14.6656 -0.0800145
722 12.9989 7.28899 0.0535702
723 -13.0087 7.32306 0.061255
724 0.139034 -14.9259 -0.0214336
725 12.9743 7.38552 0.067277
726 -13.0478 7.4868 0.0534406
727 0.137882 -15.3216 0.204385
728 12.9511 7.58806 0.0254495
729 -13.0253 7.68002 0.00831359
730 0.000206856 -15.5022 0.269958
731 12.9912 7.72432 0.0074315
732 -12.9913 7.72431 0.00743149
733 -0.182213 -15.3051 0.204385
734 13.0231 7.67951 0.00831385
735 -13.0495 7.57209 0.0254497
736 1.05769 -14.2083 -1.35665
737 12.5919 6.9344 0.770336
738 -13.3751 7.08182 0.407695
739 0.299764 -14.3779 -0.342016
740 12.7644 7.14527 0.220435
741 -13.0587 7.16793 0.136301
742 -0.299038 -14.3779 -0.341497
743 13.0583 7.16799 0.136198
744 -12.7648 7.1454 0.22005
745 -1.01271 -14.2252 -1.35396
746 13.3768 7.08259 0.406905
747 -12.4936 6.95077 0.769174
748 -0.947643 -13.9535 -3.35815
749 13.4628 6.82893 1.14275
750 -12.6535 6.69669 1.49175
751 0.000216344 -13.788 -4.20505
752 13.1026 6.63788 1.64596
753 -13.1027 6.63788 1.64596
754 0.903381 -13.937 -3.35815
755 12.6513 6.69619 1.49175
756 -13.5612 6.81296 1.14275
757 0.504975 -13.6465 -0.481028
758 12.8887 6.75223 0.232873
759 -13.1517 6.87931 0.157189
760 0.173647 -13.9889 -0.215511
761 12.879 6.94909 0.109774
762 -13.0224 6.98786 0.0832928
763 -0.17331 -13.9892 -0.215322
764 13.0223 6.98794 0.0832609
765 -12.879 6.94929 0.10966
766 -0.46047 -13.6637 -0.480453
767 13.1537 6.88006 0.157008
768 -12.7903 6.76854 0.232644
769 -0.407098 -13.1511 -0.894138
770 13.1764 6.66119 0.30594
771 -12.8595 6.56057 0.374298
772 0.000213757 -12.9117 -1.08601
773 13.0388 6.51028 0.408358
774 -13.0389 6.51027 0.408358
775 0.362808 -13.1346 -0.894139
776 12.8573 6.56007 0.374299
777 -13.2748 6.64522 0.30594
778 0.148723 -13.6486 -0.122754
779 13.0573 6.78588 0.0464767
780 -13.0136 6.86343 0.0366134
781 0.0420034 -13.8586 -0.0739096
782 12.9717 6.90986 0.0289054
783 -12.9948 6.93544 0.024997
784 -0.0420607 -13.8588 -0.0738737
785 12.9948 6.93551 0.0249918
786 -12.9716 6.90999 0.0288897
787 -0.104427 -13.6654 -0.122659
788 13.0157 6.86408 0.0365871
789 -12.9589 6.80204 0.0464472
790 -0.0892057 -13.4031 -0.190203
791 13.0179 6.74056 0.0568392
792 -12.9699 6.68763 0.0653108
793 0.000212032 -13.2787 -0.222703
794 12.997 6.65782 0.070569
795 -12.9971 6.65782 0.0705687
796 0.0449124 -13.3867 -0.190204
797 12.9677 6.68713 0.0653114
798 -13.1163 6.72458 0.0568393
799 -0.0977814 -13.6615 0.0757644
800 13.1897 6.78419 -0.069158
801 -12.8995 6.87661 -0.0462443
802 -0.0566484 -13.8805 0.0312984
803 13.0462 6.93233 -0.0298155
804 -12.9707 6.96149 -0.0214881
805 0.0563178 -13.8807 0.0312672
806 12.9709 6.96157 -0.0214772
807 -13.046 6.93248 -0.0297803
808 0.141974 -13.6783 0.075676
809 12.9018 6.8773 -0.0461861
810 -13.0913 6.80039 -0.0690884
811 0.122799 -13.3999 0.139009
812 12.8914 6.72135 -0.0932279
813 -13.0553 6.65359 -0.113765
814 0.000210746 -13.2675 0.169656
815 12.9626 6.61538 -0.125566
816 -12.9627 6.61538 -0.125566
817 -0.167094 -13.3834 0.139007
818 13.0531 6.65308 -0.113765
819 -12.9898 6.70537 -0.0932277
820 -0.486499 -13.7124 0.348307
821 13.4427 6.77114 -0.28226
822 -12.7143 6.95585 -0.156884
823 -0.186515 -14.0727 0.121869
824 13.1562 7.04243 -0.0887918
825 -12.9396 7.08179 -0.0555279
826 0.185799 -14.0729 0.121721
827 12.9399 7.08187 -0.0554882
828 -13.1558 7.04263 -0.0886416
829 0.530412 -13.7296 0.347793
830 12.7168 6.95669 -0.156608
831 -13.3441 6.78767 -0.281855
832 0.478834 -13.1123 0.736213
833 12.6473 6.60221 -0.415436
834 -13.2163 6.43913 -0.53424
835 0.000209397 -12.8439 0.907533
836 12.9048 6.36739 -0.588129
837 -12.9049 6.36739 -0.588129
838 -0.52313 -13.0958 0.736211
839 13.2141 6.43863 -0.534239
840 -12.7458 6.58623 -0.415436
841 -1.21731 -14.3812 0.806138
842 13.9922 7.24165 -0.754037
843 -12.5001 7.38468 -0.230824
844 -0.276618 -14.5475 0.117869
845 13.2172 7.35215 -0.0755399
846 -12.9349 7.31369 -0.0277255
847 0.275502 -14.5474 0.1176
848 12.9353 7.31367 -0.0276827
849 -13.2165 7.35203 -0.0752822
850 1.25976 -14.3987 0.803884
851 12.5033 7.38516 -0.23003
852 -13.8928 7.25844 -0.75184
853 1.20392 -13.1848 2.96401
854 12.0558 6.90129 -1.58536
855 -13.3982 6.76242 -2.10204
856 0.000206225 -12.9795 3.575
857 12.811 6.7711 -2.2439
858 -12.8111 6.7711 -2.2439
859 -1.24822 -13.1683 2.96401
860 13.3961 6.76192 -2.10204
861 -12.1542 6.88531 -1.58535
862 -0.289093 -16.3755 -0.597674
863 13.2421 8.51718 0.628311
864 -13.1172 7.80479 0.354791
865 0.0392197 -14.9698 -0.173809
866 12.9061 7.51782 0.166442
867 -13.027 7.39844 0.0916839
868 -0.0393073 -14.9692 -0.173537
869 13.0268 7.39833 0.0916016
870 -12.9061 7.51729 0.166077
871 0.331157 -16.3878 -0.597317
872 13.1195 7.80398 0.353972
873 -13.1422 8.53031 0.628197
874 0.344438 -19.9437 4.72158
875 12.5883 9.59246 0.142003
876 -12.6397 10.2977 0.406333
877 0.000206444 -21.1267 4.38137
878 12.7861 10.5366 0.569423
879 -12.7862 10.5366 0.569423
880 -0.38877 -19.9272 4.72158
881 12.6375 10.2972 0.406334
882 -12.6867 9.57649 0.142004
883 3.3946 -12.3643 -0.0630593
884 11.6912 5.69932 -0.00171252
885 -13.8826 6.73695 -0.00171302
886 0.575538 -14.3177 -0.0630692
887 12.5587 7.0546 -0.00171131
888 -13.1123 7.14372 -0.00170898
889 -0.573698 -14.3181 -0.0630697
890 13.1116 7.14384 -0.00170942
891 -12.5597 7.0551 -0.00170923
892 -3.3443 -12.3895 -0.0630699
893 13.8831 6.7391 -0.00170923
894 -11.5934 5.71918 -0.00170923
895 -3.24218 -7.30911 -0.0630697
896 14.2698 4.53217 -0.00170923
897 -12.091 3.51469 -0.00170942
898 0.000217328 -5.42704 -0.0630692
899 13.1527 3.21611 -0.00170898
900 -13.1529 3.21611 -0.00171131
901 3.19791 -7.29264 -0.0630593
902 12.0888 3.51419 -0.00171302
903 -14.3682 4.51621 -0.00171252
904 0.777096 -13.2373 -0.0630914
905 12.7866 6.54411 -0.00170038
906 -13.2354 6.76279 -0.00170016
907 0.257039 -13.8821 -0.0631011
908 12.8313 6.88307 -0.00169922
909 -13.039 6.94698 -0.00169674
910 -0.256433 -13.8826 -0.0631012
911 13.0387 6.94708 -0.00169678
912 -12.8315 6.88338 -0.00169648
913 -0.732365 -13.2552 -0.0631014
914 13.2373 6.76374 -0.00169648
915 -12.6883 6.56071 -0.00169648
916 -0.659439 -12.1766 -0.0631012
917 13.2798 6.36056 -0.00169648
918 -12.7937 6.17376 -0.00169678
919 0.00021534 -11.6902 -0.0631011
920 13.0673 6.08262 -0.00169674
921 -13.0674 6.08262 -0.00169922
922 0.61514 -12.1601 -0.0630914
923 12.7915 6.17326 -0.00170016
924 -13.3782 6.34458 -0.00170038
925 0.191478 -13.5035 -0.0630983
926 13.0466 6.71037 -0.00169852
927 -13.0267 6.81174 -0.00169891
928 0.0603927 -13.7816 -0.0631069
929 12.9665 6.8686 -0.00169734
930 -12.9999 6.90455 -0.00169497
931 -0.060402 -13.7818 -0.0631071
932 12.9998 6.90463 -0.00169499
933 -12.9665 6.86876 -0.00169468
934 -0.147147 -13.5205 -0.0631073
935 13.0288 6.81244 -0.00169467
936 -12.9482 6.7266 -0.00169467
937 -0.127236 -13.16 -0.0631071
938 13.0323 6.64878 -0.00169468
939 -12.9635 6.57433 -0.00169499
940 0.000213617 -12.9942 -0.0631069
941 13.0029 6.53836 -0.00169497
942 -13.003 6.53836 -0.00169734
943 0.0829331 -13.1436 -0.0630983
944 12.9613 6.57383 -0.00169891
945 -13.1307 6.6328 -0.00169852
946 -0.132172 -13.5436 -0.0630993
947 13.2236 6.70009 -0.00169814
948 -12.8801 6.82509 -0.00169852
949 -0.0692674 -13.8212 -0.0631079
950 13.0656 6.89418 -0.00169694
951 -12.9693 6.93549 -0.00169457
952 0.0688987 -13.8215 -0.0631081
953 12.9695 6.93557 -0.0016946
954 -13.0654 6.89437 -0.00169429
955 0.176356 -13.5606 -0.0631083
956 12.8823 6.82583 -0.00169428
957 -13.1252 6.71639 -0.00169428
958 0.153685 -13.1909 -0.0631081
959 12.8672 6.61308 -0.00169429
960 -13.0792 6.51498 -0.0016946
961 0.00021233 -13.0179 -0.0631079
962 12.9589 6.46783 -0.00169457
963 -12.959 6.46783 -0.00169694
964 -0.197989 -13.1744 -0.0630993
965 13.077 6.51448 -0.00169852
966 -12.9656 6.5971 -0.00169814
967 -0.716849 -13.4493 -0.0631
968 13.6372 6.52043 -0.00169763
969 -12.5924 6.85914 -0.00169804
970 -0.248532 -14.0247 -0.0631086
971 13.2238 7.00737 -0.00169644
972 -12.9259 7.06904 -0.00169407
973 0.247617 -14.0251 -0.0631089
974 12.9264 7.06914 -0.00169409
975 -13.2232 7.00769 -0.00169379
976 0.76054 -13.4672 -0.0631091
977 12.5951 6.86028 -0.00169378
978 -13.5385 6.53752 -0.00169378
979 0.697215 -12.3658 -0.0631089
980 12.4611 6.16174 -0.00169379
981 -13.3313 5.84696 -0.00169409
982 0.000210981 -11.9129 -0.0631086
983 12.8683 5.71942 -0.00169407
984 -12.8684 5.71942 -0.00169644
985 -0.741521 -12.3493 -0.0631
986 13.3291 5.84646 -0.00169804
987 -12.5595 6.14576 -0.00169763
988 -2.59987 -14.016 -0.0631033
989 15.8498 6.51093 -0.00169407
990 -12.0499 7.48534 -0.0016946
991 -0.392939 -14.6256 -0.0631126
992 13.3298 7.43603 -0.00169374
993 -12.9147 7.36258 -0.00169072
994 0.391309 -14.6256 -0.0631131
995 12.9152 7.36252 -0.00169086
996 -13.3286 7.43577 -0.00169055
997 2.638 -14.0367 -0.0631133
998 12.0551 7.48606 -0.00169054
999 -15.7445 6.53409 -0.00169054
1000 2.56911 -3.88738 -0.0631131
1001 9.27046 2.06461 -0.00169055
1002 -12.8997 1.09358 -0.00169086
1003 0.000208233 -3.20734 -0.0631126
1004 11.786 1.10476 -0.00169072
1005 -11.7861 1.10476 -0.00169374
1006 -2.61342 -3.8709 -0.0631033
1007 12.8975 1.09308 -0.0016946
1008 -9.36887 2.04864 -0.00169407
1009 1.55244 -21.0074 -0.0631275
1010 0.332932 12.5649 -0.00167831
1011 -14.3789 8.38896 -0.00167905
1012 0.231078 -15.2039 -0.0631356
1013 12.6275 7.68376 -0.00167817
1014 -13.079 7.46658 -0.00167573
1015 -0.230318 -15.2026 -0.0631367
1016 13.0785 7.46638 -0.00167593
1017 -12.6287 7.68268 -0.00167574
1018 -1.54434 -20.9912 -0.0631369
1019 14.3747 8.38555 -0.00167573
1020 -0.344539 12.5521 -0.00167573
