1 0.0768416 0.0101867 0.0746011
2 -0.030288 0.0323642 0.000175911
3 0.0311964 0.0318791 -6.24735e-05
4 0.00241668 -0.009118 0.0548783
5 -0.0310667 0.0318002 -0.000130857
6 0.0311216 0.0317768 -0.000150556
7 -0.00262695 -0.00912306 0.0548733
8 -0.0311232 0.0317768 -0.000150574
9 0.0310599 0.0318 -0.000130967
10 -0.0225525 0.0103092 0.0745245
11 -0.0312435 0.0318809 -6.28161e-05
12 0.0308345 0.032163 0.000175076
13 -0.0221957 0.0878274 0.152984
14 -0.0314054 0.0326089 0.000551051
15 0.0310034 0.0328882 0.000786532
16 0.000207887 0.106075 0.17144
17 -0.0311624 0.0329633 0.000849904
18 0.0311706 0.0329633 0.000849906
19 -0.0320291 0.0876281 0.152983
20 -0.0309555 0.032886 0.000786517
21 0.0308594 0.032809 0.000550886
22 0.0560748 -0.0609234 0.0549128
23 -0.0305542 0.0320709 -0.000141908
24 0.031084 0.031849 -0.0001507
25 0.000312896 -0.0633502 0.0535968
26 -0.031118 0.031839 -0.000156281
27 0.0311202 0.0318341 -0.000158527
28 -0.00053218 -0.0633516 0.0535962
29 -0.0311219 0.0318341 -0.00015853
30 0.031111 0.031839 -0.000156295
31 -0.00183451 -0.0607319 0.0549107
32 -0.0311315 0.0318512 -0.000150704
33 0.0311004 0.0318708 -0.000141775
34 -0.00181873 -0.0553316 0.0576207
35 -0.0311366 0.0318946 -0.000130885
36 0.031106 0.0319141 -0.000121958
37 0.000207775 -0.0532283 0.0586763
38 -0.0311209 0.0319228 -0.000118002
39 0.0311292 0.0319227 -0.000117996
40 -0.0524074 -0.0555296 0.0576196
41 -0.0310581 0.0319119 -0.000121974
42 0.0305905 0.0320947 -0.000131047
43 0.0543571 -0.0635221 0.0534504
44 -0.0305708 0.0320362 -0.00015909
45 0.0310704 0.0318299 -0.000160183
46 -0.000205777 -0.0636739 0.0533348
47 -0.0311247 0.0318321 -0.000160162
48 0.0311165 0.0318321 -0.000160169
49 -1.44757e-05 -0.0636739 0.0533348
50 -0.0311182 0.0318321 -0.000160169
51 0.0311178 0.0318321 -0.000160167
52 -0.000118491 -0.0633246 0.0534514
53 -0.0311178 0.0318321 -0.000160167
54 0.0311169 0.0318361 -0.000158929
55 -0.000105996 -0.0628131 0.0536222
56 -0.0311182 0.0318368 -0.000158706
57 0.0311177 0.0318407 -0.000157469
58 0.00020776 -0.062467 0.0537376
59 -0.031116 0.0318407 -0.000157468
60 0.0311242 0.0318407 -0.000157463
61 -0.0541202 -0.063011 0.053621
62 -0.0310698 0.0318385 -0.000157484
63 0.0305721 0.0320369 -0.000158868
64 0.0543512 -0.0642015 0.0534453
65 -0.0305676 0.032021 -0.000156307
66 0.0310727 0.0318247 -0.000158296
67 -0.00020776 -0.0636644 0.0533336
68 -0.0311228 0.031829 -0.000159024
69 0.0311165 0.0318322 -0.00016017
70 -1.24944e-05 -0.0636645 0.0533337
71 -0.0311182 0.0318322 -0.00016017
72 0.0311158 0.031829 -0.000159032
73 -0.000112538 -0.0640033 0.0534464
74 -0.0311202 0.0318269 -0.000158283
75 0.0311137 0.0318209 -0.000156151
76 -0.000100044 -0.0645026 0.0536124
77 -0.0311211 0.0318169 -0.000154746
78 0.0311151 0.0318109 -0.000152614
79 0.00020776 -0.0648414 0.053725
80 -0.0311177 0.0318088 -0.000151865
81 0.0311259 0.0318088 -0.000151858
82 -0.0541262 -0.0647005 0.0536112
83 -0.0310672 0.0318087 -0.000152629
84 0.030575 0.032017 -0.000154907
85 0.0560197 -0.0669165 0.0548609
86 -0.0305231 0.0319387 -0.000108595
87 0.0311014 0.0317899 -0.000137972
88 0.000301188 -0.0641631 0.0535882
89 -0.0311073 0.0318155 -0.000150832
90 0.0311199 0.031825 -0.000156024
91 -0.0005205 -0.0641618 0.0535876
92 -0.0311216 0.031825 -0.000156029
93 0.0311004 0.0318156 -0.000150863
94 -0.00177947 -0.0667124 0.054859
95 -0.0311488 0.0317923 -0.000138013
96 0.0310693 0.0317387 -0.000108534
97 -0.00176698 -0.0719482 0.0574694
98 -0.0311656 0.0316763 -7.41341e-05
99 0.0310898 0.0316249 -4.58544e-05
100 0.00020776 -0.0739892 0.0584868
101 -0.0311265 0.0316047 -3.47428e-05
102 0.0311347 0.0316047 -3.4737e-05
103 -0.0524592 -0.0721461 0.0574682
104 -0.0310419 0.0316227 -4.587e-05
105 0.0306195 0.0318764 -7.42958e-05
106 0.0760816 -0.0841562 0.0737192
107 -0.0297631 0.031203 0.000863778
108 0.0313544 0.0316591 5.59082e-05
109 0.00236574 -0.0649869 0.0548496
110 -0.0310315 0.0317953 -0.000108406
111 0.0311322 0.0318259 -0.000145949
112 -0.00257613 -0.064982 0.0548447
113 -0.0311338 0.0318259 -0.00014598
114 0.0310249 0.0317955 -0.000108633
115 -0.0217933 -0.0838843 0.0736466
116 -0.0314009 0.0316621 5.49565e-05
117 0.0303109 0.0310061 0.000859968
118 -0.0214394 -0.158553 0.14798
119 -0.0320637 0.0296163 0.00256549
120 0.0309831 0.028963 0.00336721
121 0.000207774 -0.176279 0.165613
122 -0.0313237 0.0288358 0.00352321
123 0.0313319 0.0288358 0.00352322
124 -0.0327868 -0.158751 0.147979
125 -0.0309353 0.0289607 0.0033672
126 0.0315176 0.0298164 0.00256533
127 0.136914 -0.118169 0.133832
128 -0.0276728 0.0330483 0.00357646
129 0.0316639 0.0322431 0.000339438
130 0.00514928 -0.117205 0.0563557
131 -0.0309104 0.0321694 -6.8339e-05
132 0.0310886 0.0321564 -0.000138543
133 -0.00534584 -0.117205 0.0563434
134 -0.0310902 0.0321564 -0.0001386
135 0.0309041 0.0321693 -6.87848e-05
136 -0.08245 -0.117968 0.133498
137 -0.0317086 0.0322448 0.000336695
138 0.0282281 0.0328441 0.00355688
139 -0.0819314 -0.123201 -1.99262
140 -0.0354102 0.0348616 0.0143826
141 0.0319462 0.0354604 0.0175997
142 0.000207884 -0.123946 -1.91797
143 -0.0327005 0.0355336 0.0179935
144 0.0327087 0.0355336 0.0179935
145 0.0277062 -0.123398 -1.99262
146 -0.0318983 0.0354581 0.0175996
147 0.0348644 0.0350621 0.0143825
148 0.0560572 -0.00933121 0.002923
149 -0.0305656 0.0320099 4.34164e-05
150 0.0311024 0.0317938 2.01655e-05
151 0.000309373 -0.0104255 0.000317082
152 -0.0311323 0.0317878 6.32094e-06
153 0.0311364 0.0317846 8.57375e-07
154 -0.00052867 -0.0104261 0.000315755
155 -0.0311381 0.0317846 8.47988e-07
156 0.0311254 0.0317878 6.29592e-06
157 -0.00181724 -0.00913508 0.00291675
158 -0.0311499 0.031796 2.01165e-05
159 0.0311118 0.0318098 4.33398e-05
160 -0.00180185 -0.00647788 0.00826915
161 -0.0311566 0.0318266 7.17136e-05
162 0.031119 0.0318404 9.49338e-05
163 0.000207776 -0.00544252 0.0103554
164 -0.0311374 0.0318463 0.000104993
165 0.0311457 0.0318463 0.000104996
166 -0.052424 -0.00667717 0.00826902
167 -0.0310711 0.0318381 9.49327e-05
168 0.0306105 0.0320266 7.17144e-05
169 0.0546606 -0.0634265 0.000476649
170 -0.0305875 0.0320569 5.63013e-06
171 0.0310932 0.0318496 1.08435e-06
172 -4.57564e-05 -0.0637462 -4.28387e-05
173 -0.0311429 0.0318501 -5.16835e-07
174 0.0311368 0.0318475 -2.91954e-06
175 -0.0001742 -0.0637465 -4.31399e-05
176 -0.0311385 0.0318475 -2.91947e-06
177 0.031136 0.0318501 -5.26937e-07
178 -0.000420718 -0.0632294 0.000475785
179 -0.0311406 0.0318518 1.07981e-06
180 0.0311338 0.0318568 5.61632e-06
181 -0.000408228 -0.0624018 0.00130643
182 -0.0311416 0.0318601 8.64611e-06
183 0.0311351 0.0318651 1.31826e-05
184 0.000207664 -0.0620464 0.00166321
185 -0.031138 0.0318668 1.4787e-05
186 0.0311462 0.0318668 1.47931e-05
187 -0.053819 -0.0625998 0.00130631
188 -0.0310873 0.0318628 1.31815e-05
189 0.0305954 0.0320602 8.65012e-06
190 0.0542398 -0.0639089 -0.000205383
191 -0.0305918 0.0320492 -2.91757e-06
192 0.0310906 0.0318468 -2.92274e-06
193 -0.000207649 -0.0637109 -0.000205273
194 -0.031145 0.031849 -2.9156e-06
195 0.0311368 0.031849 -2.92168e-06
196 -1.24895e-05 -0.063711 -0.000205259
197 -0.0311385 0.0318491 -2.92161e-06
198 0.031138 0.0318491 -2.92158e-06
199 -2.27135e-14 -0.063711 -0.000205259
200 -0.0311381 0.0318491 -2.92158e-06
201 0.0311381 0.0318491 -2.92158e-06
202 1.24895e-05 -0.0637047 -0.000200776
203 -0.031138 0.0318491 -2.92158e-06
204 0.0311385 0.0318491 -2.92161e-06
205 0.000207649 -0.0637046 -0.000200791
206 -0.0311368 0.031849 -2.92168e-06
207 0.031145 0.031849 -2.9156e-06
208 -0.0542398 -0.0639026 -0.0002009
209 -0.0310906 0.0318468 -2.92274e-06
210 0.0305918 0.0320492 -2.91757e-06
211 0.0542398 -0.0638962 -0.000205383
212 -0.0305918 0.0320493 -2.91757e-06
213 0.0310906 0.0318469 -2.92274e-06
214 -0.000207649 -0.0636983 -0.000205273
215 -0.031145 0.0318491 -2.9156e-06
216 0.0311368 0.0318491 -2.92168e-06
217 -1.24895e-05 -0.0636983 -0.000205259
218 -0.0311385 0.0318492 -2.92161e-06
219 0.031138 0.0318492 -2.92158e-06
220 -2.24255e-14 -0.0636983 -0.000205258
221 -0.0311381 0.0318492 -2.92158e-06
222 0.0311381 0.0318492 -2.92158e-06
223 1.24895e-05 -0.0636983 -0.000205259
224 -0.0311383 0.031846 -6.86367e-07
225 0.0311388 0.031846 -6.8639e-07
226 0.000207649 -0.0636983 -0.000205273
227 -0.031137 0.031846 -6.86464e-07
228 0.0311453 0.031846 -6.80389e-07
229 -0.0542398 -0.0638962 -0.000205383
230 -0.0310909 0.0318438 -6.87522e-07
231 0.0305921 0.0320461 -6.82352e-07
232 0.0546537 -0.0645547 0.000463683
233 -0.0305838 0.0320347 1.34966e-05
234 0.0310953 0.0318405 4.50591e-06
235 -4.75449e-05 -0.0638468 -4.48547e-05
236 -0.0311414 0.0318457 1.19264e-06
237 0.0311368 0.0318495 -2.91943e-06
238 -0.000172399 -0.0638465 -4.51511e-05
239 -0.0311385 0.0318495 -2.91936e-06
240 0.0311345 0.0318457 1.17858e-06
241 -0.00041381 -0.0643558 0.00046284
242 -0.0311428 0.0318427 4.49474e-06
243 0.03113 0.0318346 1.3471e-05
244 -0.00040132 -0.0651696 0.00127463
245 -0.0311448 0.0318284 2.02639e-05
246 0.0311325 0.0318203 2.92402e-05
247 0.000207649 -0.0655184 0.00162249
248 -0.031139 0.0318173 3.2554e-05
249 0.0311472 0.0318172 3.25601e-05
250 -0.0538259 -0.0653675 0.0012745
251 -0.0310846 0.031818 2.9239e-05
252 0.0305986 0.0320285 2.02679e-05
253 0.0560309 -0.0652399 0.00287274
254 -0.0305541 0.0320225 7.57615e-05
255 0.0311154 0.0318378 3.23545e-05
256 0.000303769 -0.0637529 0.000306862
257 -0.0311305 0.0318481 1.25638e-05
258 0.0311396 0.0318515 4.25283e-06
259 -0.000522974 -0.0637523 0.000305553
260 -0.0311413 0.0318515 4.24485e-06
261 0.0311236 0.0318481 1.2517e-05
262 -0.00178961 -0.065039 0.00286661
263 -0.0311629 0.0318401 3.22708e-05
264 0.0311004 0.0318224 7.56124e-05
265 -0.00177712 -0.0676808 0.00812711
266 -0.031175 0.0318025 0.000124613
267 0.0311158 0.0317857 0.000165834
268 0.000207663 -0.0687106 0.0101773
269 -0.0311447 0.0317788 0.000182667
270 0.031153 0.0317788 0.000182673
271 -0.0524501 -0.0678785 0.00812698
272 -0.031068 0.0317835 0.000165833
273 0.0306288 0.0320026 0.000124617
274 0.057716 -0.117432 0.00594279
275 -0.030477 0.0323815 0.000124227
276 0.0310708 0.0321719 4.98202e-05
277 0.000615019 -0.117221 0.000624235
278 -0.0310687 0.0321711 1.85058e-05
279 0.0310842 0.03217 6.29334e-06
280 -0.000833479 -0.117222 0.000621854
281 -0.0310859 0.03217 6.28169e-06
282 0.0310618 0.0321712 1.84418e-05
283 -0.00347321 -0.117235 0.00592829
284 -0.0311182 0.0321741 4.96816e-05
285 0.031023 0.032181 0.000123966
286 -0.00345713 -0.117266 0.0186337
287 -0.0311397 0.0321893 0.000212852
288 0.0310484 0.032196 0.000284515
289 0.000207773 -0.117277 0.0231207
290 -0.0310921 0.0321985 0.000311803
291 0.0311003 0.0321984 0.000311806
292 -0.0507691 -0.117462 0.0186335
293 -0.0310006 0.0321937 0.000284514
294 0.0305939 0.0323898 0.000212853
295 0.0543538 -0.0107688 0.000334466
296 -0.030586 0.0319843 4.66906e-06
297 0.0310874 0.0317814 3.16987e-06
298 -0.000207761 -0.0106844 -1.2408e-05
299 -0.0311403 0.0317823 -1.72058e-07
300 0.0311321 0.0317823 -1.78451e-07
301 -1.24944e-05 -0.0106844 -1.24079e-05
302 -0.0311338 0.0317824 -1.78451e-07
303 0.0311334 0.0317824 -1.75243e-07
304 -0.000115377 -0.0105696 0.000334103
305 -0.0311348 0.0317837 3.16582e-06
306 0.0311322 0.0317843 4.66214e-06
307 -0.000102882 -0.0104018 0.000841145
308 -0.0311353 0.031786 8.93787e-06
309 0.0311331 0.0317866 1.04342e-05
310 0.000207761 -0.010287 0.00118766
311 -0.0311328 0.0317879 1.37752e-05
312 0.031141 0.0317879 1.37784e-05
313 -0.054123 -0.0106011 0.00084114
314 -0.0310853 0.0317843 1.04341e-05
315 0.0305891 0.031986 8.94098e-06
316 0.0542398 -0.0641063 -1.2408e-05
317 -0.0305918 0.0320476 -1.75273e-07
318 0.0310906 0.0318452 -1.81647e-07
319 -0.000207649 -0.0639083 -1.24031e-05
320 -0.031145 0.0318475 -1.75209e-07
321 0.0311368 0.0318475 -1.81587e-07
322 -1.24895e-05 -0.0639083 -1.24031e-05
323 -0.0311385 0.0318475 -1.81587e-07
324 0.031138 0.0318475 -1.81587e-07
325 -2.28648e-14 -0.0639083 -1.24031e-05
326 -0.0311381 0.0318475 -1.81587e-07
327 0.0311381 0.0318475 -1.81587e-07
328 1.24895e-05 -0.0639083 -1.24031e-05
329 -0.031138 0.0318475 -1.81587e-07
330 0.0311385 0.0318475 -1.81587e-07
331 0.000207649 -0.0639083 -1.24031e-05
332 -0.0311368 0.0318475 -1.81587e-07
333 0.031145 0.0318475 -1.75209e-07
334 -0.0542398 -0.0641063 -1.2408e-05
335 -0.0310906 0.0318452 -1.81647e-07
336 0.0305918 0.0320476 -1.75273e-07
337 0.0542398 -0.0639089 -1.2408e-05
338 -0.0305918 0.0320492 -1.75273e-07
339 0.0310906 0.0318468 -1.81647e-07
340 -0.000207634 -0.063711 -1.24031e-05
341 -0.031145 0.031849 -1.75209e-07
342 0.0311368 0.0318491 -1.81587e-07
343 -1.24895e-05 -0.063711 -1.24031e-05
344 -0.0311385 0.0318491 -1.81587e-07
345 0.031138 0.0318491 -1.81587e-07
346 -2.25489e-14 -0.063711 -1.24031e-05
347 -0.0311381 0.0318491 -1.81587e-07
348 0.0311381 0.0318491 -1.81587e-07
349 1.24895e-05 -0.063711 -1.24031e-05
350 -0.031138 0.0318491 -1.81587e-07
351 0.0311385 0.0318491 -1.81587e-07
352 0.000207634 -0.063711 -1.24031e-05
353 -0.0311368 0.0318491 -1.81587e-07
354 0.031145 0.031849 -1.75209e-07
355 -0.0542398 -0.0639089 -1.2408e-05
356 -0.0310906 0.0318468 -1.81647e-07
357 0.0305918 0.0320492 -1.75273e-07
358 0.0542398 -0.0638962 -1.2408e-05
359 -0.0305918 0.0320493 -1.75273e-07
360 0.0310906 0.0318469 -1.81647e-07
361 -0.000207634 -0.0636983 -1.24031e-05
362 -0.031145 0.0318491 -1.75209e-07
363 0.0311368 0.0318492 -1.81587e-07
364 -1.24895e-05 -0.0636984 -1.24031e-05
365 -0.0311385 0.0318492 -1.81587e-07
366 0.031138 0.0318492 -1.81587e-07
367 -2.23424e-14 -0.0636983 -1.24031e-05
368 -0.0311381 0.0318492 -1.81587e-07
369 0.0311381 0.0318492 -1.81587e-07
370 1.24895e-05 -0.0636984 -1.24031e-05
371 -0.031138 0.0318492 -1.81587e-07
372 0.0311385 0.0318492 -1.81587e-07
373 0.000207634 -0.0636983 -1.24031e-05
374 -0.0311368 0.0318492 -1.81587e-07
375 0.031145 0.0318491 -1.75209e-07
376 -0.0542398 -0.0638962 -1.2408e-05
377 -0.0310906 0.0318469 -1.81647e-07
378 0.0305918 0.0320493 -1.75273e-07
379 0.0542398 -0.063884 -1.2408e-05
380 -0.0305919 0.0320496 -1.75273e-07
381 0.0310906 0.0318472 -1.81647e-07
382 -0.000207634 -0.0636861 -1.24031e-05
383 -0.031145 0.0318494 -1.75209e-07
384 0.0311368 0.0318495 -1.81587e-07
385 -1.24895e-05 -0.0636861 -1.24031e-05
386 -0.0311385 0.0318495 -1.81587e-07
387 0.031138 0.0318495 -1.81587e-07
388 -2.27898e-14 -0.0636861 -1.24031e-05
389 -0.0311381 0.0318495 -1.81587e-07
390 0.0311381 0.0318495 -1.81587e-07
391 1.24895e-05 -0.0636861 -1.24031e-05
392 -0.031138 0.0318495 -1.81587e-07
393 0.0311385 0.0318495 -1.81587e-07
394 0.000207634 -0.0636861 -1.24031e-05
395 -0.0311368 0.0318495 -1.81587e-07
396 0.031145 0.0318494 -1.75209e-07
397 -0.0542398 -0.063884 -1.2408e-05
398 -0.0310906 0.0318472 -1.81647e-07
399 0.0305919 0.0320496 -1.75273e-07
400 0.0543542 -0.0638085 0.000331552
401 -0.0305903 0.0320528 6.23735e-06
402 0.0310924 0.031851 4.14083e-06
403 -0.000207648 -0.0634955 -1.24031e-05
404 -0.031145 0.0318544 -1.71999e-07
405 0.0311367 0.0318544 -1.81587e-07
406 -1.24895e-05 -0.0634955 -1.24031e-05
407 -0.0311385 0.0318544 -1.81587e-07
408 0.031138 0.0318544 -1.78382e-07
409 -0.000114457 -0.0636106 0.000331193
410 -0.0311399 0.0318533 4.13523e-06
411 0.0311365 0.0318527 6.22564e-06
412 -0.000101968 -0.0637789 0.000833691
413 -0.0311405 0.0318512 1.18778e-05
414 0.0311376 0.0318506 1.39682e-05
415 0.000207648 -0.063894 0.00117729
416 -0.0311377 0.0318494 1.82818e-05
417 0.0311459 0.0318494 1.82882e-05
418 -0.0541253 -0.0639767 0.000833686
419 -0.0310897 0.0318484 1.39681e-05
420 0.0305943 0.0320513 1.18841e-05
421 0.0544087 -0.117417 0.000496126
422 -0.0305319 0.0323704 1.13855e-05
423 0.0310365 0.0321673 5.26417e-06
424 -0.000205854 -0.117219 -9.11629e-06
425 -0.0310867 0.0321694 3.12092e-06
426 0.0310803 0.0321692 -1.78455e-07
427 -1.43972e-05 -0.117219 -9.12181e-06
428 -0.0310821 0.0321692 -1.78455e-07
429 0.0310797 0.0321694 3.11219e-06
430 -0.000169957 -0.11722 0.000495538
431 -0.031084 0.0321695 5.25668e-06
432 0.0310778 0.0321699 1.13694e-05
433 -0.000157463 -0.117221 0.00126373
434 -0.0310848 0.0321701 1.5368e-05
435 0.031079 0.0321705 2.14808e-05
436 0.000207758 -0.117222 0.0017651
437 -0.0310815 0.0321706 2.36253e-05
438 0.0310897 0.0321706 2.36285e-05
439 -0.0540688 -0.117418 0.00126372
440 -0.0310311 0.0321683 2.14807e-05
441 0.030539 0.0323707 1.53711e-05
442 0.0543534 -0.0107692 -0.000345943
443 -0.030586 0.0319843 -4.83126e-06
444 0.0310874 0.0317814 -3.34024e-06
445 -0.000207761 -0.0106844 -2.22517e-14
446 -0.0311403 0.0317824 -3.2053e-09
447 0.0311321 0.0317824 5.68257e-17
448 -1.24944e-05 -0.0106844 -2.26415e-14
449 -0.0311338 0.0317824 6.36444e-17
450 0.0311334 0.0317824 -3.20077e-09
451 -0.00011501 -0.01057 -0.000345577
452 -0.0311348 0.0317837 -3.33614e-06
453 0.0311323 0.0317843 -4.82747e-06
454 -0.000102516 -0.0104027 -0.000851092
455 -0.0311353 0.031786 -9.09171e-06
456 0.0311331 0.0317866 -1.0583e-05
457 0.000207761 -0.0102884 -0.00119667
458 -0.0311328 0.0317879 -1.3916e-05
459 0.031141 0.0317878 -1.3916e-05
460 -0.0541234 -0.010602 -0.000851092
461 -0.0310853 0.0317843 -1.0583e-05
462 0.0305891 0.031986 -9.09171e-06
463 0.0542398 -0.0641063 -2.19824e-14
464 -0.0305918 0.0320476 6.28837e-17
465 0.0310906 0.0318452 5.68935e-17
466 -0.000207649 -0.0639083 -2.17461e-14
467 -0.031145 0.0318475 5.52604e-17
468 0.0311368 0.0318475 6.48014e-17
469 -1.24895e-05 -0.0639083 -2.18653e-14
470 -0.0311385 0.0318475 5.77685e-17
471 0.031138 0.0318475 5.8513e-17
472 -2.28415e-14 -0.0639083 -2.19334e-14
473 -0.0311381 0.0318475 6.66852e-17
474 0.0311381 0.0318475 6.66005e-17
475 1.24895e-05 -0.0639083 -2.16281e-14
476 -0.031138 0.0318475 6.23687e-17
477 0.0311385 0.0318475 5.6326e-17
478 0.000207649 -0.0639083 -2.21906e-14
479 -0.0311368 0.0318475 6.20096e-17
480 0.031145 0.0318475 5.99903e-17
481 -0.0542398 -0.0641063 -2.18471e-14
482 -0.0310906 0.0318452 6.58924e-17
483 0.0305918 0.0320476 6.2179e-17
484 0.0542398 -0.0639089 -2.27474e-14
485 -0.0305919 0.0320492 6.23958e-17
486 0.0310906 0.0318468 5.55383e-17
487 -0.000207634 -0.063711 -2.21971e-14
488 -0.031145 0.0318491 5.20959e-17
489 0.0311368 0.0318491 5.52977e-17
490 -1.24895e-05 -0.063711 -2.27427e-14
491 -0.0311385 0.0318491 5.91483e-17
492 0.031138 0.0318491 5.42695e-17
493 -2.26398e-14 -0.063711 -2.23967e-14
494 -0.0311381 0.0318491 6.67136e-17
495 0.0311381 0.0318491 6.20029e-17
496 1.24895e-05 -0.063711 -2.18656e-14
497 -0.031138 0.0318491 6.01733e-17
498 0.0311385 0.0318491 6.51267e-17
499 0.000207634 -0.063711 -2.30172e-14
500 -0.0311368 0.0318491 6.18842e-17
501 0.031145 0.0318491 6.71663e-17
502 -0.0542398 -0.0639089 -2.22131e-14
503 -0.0310906 0.0318468 6.47269e-17
504 0.0305919 0.0320492 6.04443e-17
505 0.0542398 -0.0638962 -2.2142e-14
506 -0.0305919 0.0320493 6.13658e-17
507 0.0310906 0.0318469 6.80879e-17
508 -0.000207634 -0.0636983 -2.21932e-14
509 -0.031145 0.0318492 6.43203e-17
510 0.0311368 0.0318492 7.28584e-17
511 -1.24895e-05 -0.0636984 -2.20958e-14
512 -0.0311385 0.0318492 6.59068e-17
513 0.031138 0.0318492 6.12684e-17
514 -2.2612e-14 -0.0636984 -2.23245e-14
515 -0.0311381 0.0318492 5.85744e-17
516 0.0311381 0.0318492 5.68438e-17
517 1.24895e-05 -0.0636984 -2.16426e-14
518 -0.031138 0.0318492 5.32877e-17
519 0.0311385 0.0318492 5.55467e-17
520 0.000207634 -0.0636983 -2.21871e-14
521 -0.0311368 0.0318492 5.76694e-17
522 0.031145 0.0318492 6.21993e-17
523 -0.0542398 -0.0638962 -2.22287e-14
524 -0.0310906 0.0318469 6.08237e-17
525 0.0305919 0.0320493 6.04985e-17
526 0.0542398 -0.063884 -2.18089e-14
527 -0.0305919 0.0320496 5.2367e-17
528 0.0310906 0.0318473 5.44541e-17
529 -0.000207634 -0.0636861 -2.16767e-14
530 -0.031145 0.0318495 5.47658e-17
531 0.0311368 0.0318495 5.84249e-17
532 -1.24895e-05 -0.0636861 -2.15754e-14
533 -0.0311385 0.0318495 4.93481e-17
534 0.031138 0.0318495 5.28544e-17
535 -2.29958e-14 -0.0636861 -2.16998e-14
536 -0.0311381 0.0318495 6.19638e-17
537 0.0311381 0.0318495 5.50106e-17
538 1.24895e-05 -0.0636861 -2.16603e-14
539 -0.031138 0.0318495 5.41902e-17
540 0.0311385 0.0318495 5.35621e-17
541 0.000207634 -0.0636861 -2.19959e-14
542 -0.0311368 0.0318495 5.16012e-17
543 0.031145 0.0318495 5.90619e-17
544 -0.0542398 -0.063884 -2.15054e-14
545 -0.0310906 0.0318473 5.83843e-17
546 0.0305919 0.0320496 5.82759e-17
547 0.0543538 -0.0638082 -0.000343035
548 -0.0305903 0.0320528 -6.39376e-06
549 0.0310924 0.031851 -4.31114e-06
550 -0.000207648 -0.0634955 -2.27795e-14
551 -0.031145 0.0318544 -3.20222e-09
552 0.0311367 0.0318544 6.41441e-17
553 -1.24895e-05 -0.0634956 -2.24743e-14
554 -0.0311385 0.0318545 6.40086e-17
555 0.031138 0.0318544 6.04646e-17
556 -0.000114094 -0.0636103 -0.000342673
557 -0.0311399 0.0318533 -4.3055e-06
558 0.0311365 0.0318527 -6.38518e-06
559 -0.000101605 -0.063778 -0.000843661
560 -0.0311405 0.0318512 -1.2024e-05
561 0.0311376 0.0318506 -1.41037e-05
562 0.000207648 -0.0638927 -0.00118633
563 -0.0311377 0.0318494 -1.84092e-05
564 0.0311459 0.0318494 -1.84092e-05
565 -0.0541257 -0.0639757 -0.000843661
566 -0.0310897 0.0318484 -1.41037e-05
567 0.0305943 0.0320513 -1.2024e-05
568 0.0544081 -0.117417 -0.000507011
569 -0.0305319 0.0323704 -1.15267e-05
570 0.0310365 0.0321673 -5.42741e-06
571 -0.000205859 -0.117219 -3.2837e-06
572 -0.0310867 0.0321694 -3.28822e-06
573 0.0310803 0.0321692 6.58517e-17
574 -1.43916e-05 -0.117219 -3.27818e-06
575 -0.0310821 0.0321692 6.04324e-17
576 0.0310797 0.0321694 -3.28269e-06
577 -0.000169365 -0.11722 -0.00050642
578 -0.031084 0.0321695 -5.41988e-06
579 0.0310778 0.0321699 -1.15138e-05
580 -0.00015687 -0.117221 -0.001272
581 -0.0310848 0.0321702 -1.54973e-05
582 0.031079 0.0321705 -2.15912e-05
583 0.000207758 -0.117222 -0.00177187
584 -0.0310815 0.0321707 -2.37284e-05
585 0.0310897 0.0321706 -2.37284e-05
586 -0.0540694 -0.117418 -0.001272
587 -0.0310312 0.0321683 -2.15912e-05
588 0.030539 0.0323707 -1.54973e-05
589 0.0560509 -0.00933686 -0.00310692
590 -0.0305656 0.0320098 -4.60227e-05
591 0.0311024 0.0317938 -2.28519e-05
592 0.000308045 -0.0104261 -0.000509099
593 -0.0311323 0.0317878 -9.04372e-06
594 0.0311363 0.0317846 -3.59311e-06
595 -0.00052733 -0.0104268 -0.00050776
596 -0.0311381 0.0317846 -3.58367e-06
597 0.0311254 0.0317878 -9.01836e-06
598 -0.00181088 -0.00914072 -0.00310057
599 -0.0311498 0.031796 -2.2802e-05
600 0.0311119 0.0318097 -4.5944e-05
601 -0.00179549 -0.00649577 -0.00843218
602 -0.0311565 0.0318264 -7.4217e-05
603 0.031119 0.0318401 -9.73559e-05
604 0.000207761 -0.00546474 -0.0105112
605 -0.0311374 0.0318461 -0.000107384
606 0.0311456 0.031846 -0.000107387
607 -0.0524304 -0.00669506 -0.00843218
608 -0.0310712 0.0318379 -9.73558e-05
609 0.0306104 0.0320265 -7.42201e-05
610 0.0546596 -0.0634281 -0.000668469
611 -0.0305875 0.0320569 -8.35863e-06
612 0.0310932 0.0318496 -3.81947e-06
613 -4.60576e-05 -0.0637465 -0.000149848
614 -0.0311429 0.0318501 -2.22068e-06
615 0.0311368 0.0318475 1.79324e-07
616 -0.000173885 -0.0637469 -0.000149532
617 -0.0311385 0.0318475 1.79329e-07
618 0.031136 0.0318501 -2.21019e-06
619 -0.00041973 -0.0632311 -0.000667487
620 -0.0311406 0.0318518 -3.81384e-06
621 0.0311338 0.0318568 -8.34254e-06
622 -0.000407241 -0.0624058 -0.00149632
623 -0.0311416 0.0318601 -1.13657e-05
624 0.0311351 0.031865 -1.58944e-05
625 0.000207649 -0.0620515 -0.00185234
626 -0.031138 0.0318668 -1.74958e-05
627 0.0311462 0.0318668 -1.75022e-05
628 -0.05382 -0.0626038 -0.00149631
629 -0.0310873 0.0318628 -1.58943e-05
630 0.0305954 0.0320602 -1.1372e-05
631 0.0542398 -0.0639089 1.2408e-05
632 -0.0305918 0.0320492 1.75273e-07
633 0.0310906 0.0318468 1.81647e-07
634 -0.000207634 -0.063711 1.24031e-05
635 -0.031145 0.031849 1.75209e-07
636 0.0311368 0.0318491 1.81587e-07
637 -1.24895e-05 -0.063711 1.24031e-05
638 -0.0311385 0.0318491 1.81587e-07
639 0.031138 0.0318491 1.81587e-07
640 -2.29277e-14 -0.063711 1.24031e-05
641 -0.0311381 0.0318491 1.81587e-07
642 0.0311381 0.0318491 1.81587e-07
643 1.24895e-05 -0.0637047 7.92587e-06
644 -0.031138 0.0318491 1.81587e-07
645 0.0311385 0.0318491 1.81587e-07
646 0.000207634 -0.0637047 7.92588e-06
647 -0.0311368 0.0318491 1.81587e-07
648 0.031145 0.031849 1.75209e-07
649 -0.0542398 -0.0639026 7.93071e-06
650 -0.0310906 0.0318468 1.81647e-07
651 0.0305918 0.0320492 1.75273e-07
652 0.0542398 -0.0638962 1.2408e-05
653 -0.0305918 0.0320493 1.75273e-07
654 0.0310906 0.0318469 1.81647e-07
655 -0.000207634 -0.0636983 1.24031e-05
656 -0.031145 0.0318491 1.75209e-07
657 0.0311368 0.0318492 1.81587e-07
658 -1.24895e-05 -0.0636984 1.24031e-05
659 -0.0311385 0.0318492 1.81587e-07
660 0.031138 0.0318492 1.81587e-07
661 -2.27855e-14 -0.0636983 1.24031e-05
662 -0.0311381 0.0318492 1.81587e-07
663 0.0311381 0.0318492 1.81587e-07
664 1.24895e-05 -0.0636984 1.24031e-05
665 -0.0311383 0.031846 -2.05091e-06
666 0.0311388 0.031846 -2.05091e-06
667 0.000207634 -0.0636983 1.24031e-05
668 -0.031137 0.031846 -2.05091e-06
669 0.0311453 0.031846 -2.05729e-06
670 -0.0542398 -0.0638962 1.2408e-05
671 -0.0310909 0.0318438 -2.05085e-06
672 0.0305921 0.0320461 -2.05722e-06
673 0.0546528 -0.0645531 -0.00065552
674 -0.0305838 0.0320347 -1.62049e-05
675 0.0310953 0.0318405 -7.23292e-06
676 -4.78414e-05 -0.0638465 -0.000147821
677 -0.0311414 0.0318457 -3.92673e-06
678 0.0311368 0.0318495 1.79329e-07
679 -0.000172089 -0.0638462 -0.00014751
680 -0.0311385 0.0318495 1.79333e-07
681 0.0311345 0.0318458 -3.91229e-06
682 -0.000412844 -0.0643542 -0.00065456
683 -0.0311428 0.0318428 -7.22069e-06
684 0.03113 0.0318346 -1.61771e-05
685 -0.000400354 -0.0651657 -0.00146458
686 -0.0311448 0.0318285 -2.29514e-05
687 0.0311325 0.0318204 -3.19078e-05
688 0.000207634 -0.0655135 -0.00181172
689 -0.031139 0.0318174 -3.52139e-05
690 0.0311472 0.0318173 -3.52203e-05
691 -0.053827 -0.0653635 -0.00146458
692 -0.0310846 0.0318181 -3.19077e-05
693 0.0305986 0.0320286 -2.29577e-05
694 0.0560247 -0.0652343 -0.00305676
695 -0.0305543 0.0320226 -7.82338e-05
696 0.0311153 0.0318379 -3.49969e-05
697 0.000302461 -0.0637523 -0.000498794
698 -0.0311305 0.0318481 -1.52712e-05
699 0.0311396 0.0318515 -6.98235e-06
700 -0.000521654 -0.0637517 -0.000497474
701 -0.0311413 0.0318515 -6.97431e-06
702 0.0311236 0.0318482 -1.52241e-05
703 -0.00178337 -0.0650334 -0.00305053
704 -0.0311628 0.0318402 -3.49124e-05
705 0.0311005 0.0318226 -7.8083e-05
706 -0.00177088 -0.067663 -0.00829071
707 -0.0311748 0.0318027 -0.000126867
708 0.0311159 0.031786 -0.00016792
709 0.000207648 -0.0686886 -0.0103339
710 -0.0311447 0.0317792 -0.000184693
711 0.0311529 0.0317792 -0.0001847
712 -0.0524564 -0.0678608 -0.0082907
713 -0.0310681 0.0317838 -0.00016792
714 0.0306286 0.0320029 -0.000126874
715 0.0577014 -0.117432 -0.00611344
716 -0.0304773 0.0323815 -0.000126458
717 0.0310706 0.0321719 -5.23939e-05
718 0.000612638 -0.117221 -0.000815416
719 -0.0310687 0.0321711 -2.11964e-05
720 0.0310842 0.03217 -9.02017e-06
721 -0.00083109 -0.117222 -0.000813026
722 -0.0310859 0.0321701 -9.00848e-06
723 0.0310618 0.0321712 -2.11322e-05
724 -0.00345864 -0.117235 -0.00609889
725 -0.0311181 0.0321741 -5.22548e-05
726 0.0310232 0.0321809 -0.000126197
727 -0.00344256 -0.117265 -0.0187415
728 -0.0311394 0.0321892 -0.000214619
729 0.0310486 0.0321958 -0.000285943
730 0.000207758 -0.117277 -0.0232098
731 -0.0310921 0.0321983 -0.000313122
732 0.0311003 0.0321983 -0.000313125
733 -0.0507837 -0.117462 -0.0187415
734 -0.0310007 0.0321936 -0.000285943
735 0.0305936 0.0323897 -0.000214622
736 0.0767649 0.0100789 -0.0210192
737 -0.0303092 0.0323797 -0.000332562
738 0.0312163 0.0318957 -9.46762e-05
739 0.00241168 -0.00915356 -0.00133998
740 -0.0310871 0.031817 -2.63933e-05
741 0.0311418 0.0317937 -6.7116e-06
742 -0.00262186 -0.00915861 -0.0013349
743 -0.0311435 0.0317938 -6.69418e-06
744 0.0310803 0.0318169 -2.62824e-05
745 -0.022475 0.0102018 -0.0209418
746 -0.0312634 0.0318975 -9.43198e-05
747 0.0308557 0.0321785 -0.000331565
748 -0.0221186 0.0873937 -0.0991829
749 -0.0314246 0.0326222 -0.000706207
750 0.0310239 0.0329003 -0.000941041
751 0.000207776 0.105571 -0.117595
752 -0.0311824 0.0329752 -0.0010043
753 0.0311906 0.0329752 -0.0010043
754 -0.0321073 0.0871944 -0.0991827
755 -0.0309761 0.032898 -0.00094104
756 0.0308784 0.0328222 -0.000706208
757 0.0560726 -0.060963 -0.00137432
758 -0.0305744 0.0320878 -1.54995e-05
759 0.0311042 0.0318659 -6.56135e-06
760 0.000312329 -0.0633846 -5.79824e-05
761 -0.0311382 0.0318559 -9.67158e-07
762 0.0311405 0.031851 1.27864e-06
763 -0.000531498 -0.063386 -5.73201e-05
764 -0.0311422 0.0318511 1.28254e-06
765 0.0311313 0.0318559 -9.52232e-07
766 -0.00183129 -0.0607714 -0.00137122
767 -0.0311517 0.0318681 -6.54284e-06
768 0.0311207 0.0318876 -1.54668e-05
769 -0.00181551 -0.0553836 -0.0040789
770 -0.0311568 0.0319114 -2.63509e-05
771 0.0311263 0.0319309 -3.52733e-05
772 0.000207664 -0.0532848 -0.0051338
773 -0.0311412 0.0319395 -3.92277e-05
774 0.0311494 0.0319395 -3.92338e-05
775 -0.0524117 -0.0555816 -0.00407878
776 -0.0310784 0.0319287 -3.52722e-05
777 0.0306107 0.0321115 -2.63549e-05
778 0.0543581 -0.0635564 8.7469e-05
779 -0.0305909 0.0320531 1.67683e-06
780 0.0310906 0.0318468 2.92114e-06
781 -0.000205667 -0.0637077 0.000204131
782 -0.031145 0.031849 2.91453e-06
783 0.0311368 0.031849 2.92168e-06
784 -1.44689e-05 -0.0637078 0.000204119
785 -0.0311385 0.0318491 2.92161e-06
786 0.031138 0.0318491 2.92051e-06
787 -0.000118365 -0.0633589 8.74705e-05
788 -0.0311381 0.0318491 2.91998e-06
789 0.0311372 0.031853 1.68176e-06
790 -0.000105875 -0.062848 -8.33665e-05
791 -0.0311384 0.0318537 1.45881e-06
792 0.0311379 0.0318577 2.20617e-07
793 0.000207649 -0.0625022 -0.00019886
794 -0.0311362 0.0318576 2.20159e-07
795 0.0311445 0.0318576 2.14084e-07
796 -0.0541214 -0.0630458 -8.3242e-05
797 -0.0310901 0.0318554 2.2175e-07
798 0.0305922 0.0320538 1.4548e-06
799 0.0543521 -0.064235 9.252e-05
800 -0.0305877 0.032038 -1.10694e-06
801 0.031093 0.0318416 1.03277e-06
802 -0.000207649 -0.0636983 0.000205273
803 -0.031143 0.0318459 1.77571e-06
804 0.0311368 0.0318491 2.92168e-06
805 -1.24895e-05 -0.0636983 0.000205259
806 -0.0311385 0.0318492 2.92161e-06
807 0.0311361 0.031846 1.78469e-06
808 -0.000112419 -0.0640368 9.25147e-05
809 -0.0311405 0.0318439 1.03426e-06
810 0.031134 0.0318379 -1.0973e-06
811 -9.99297e-05 -0.0645356 -7.35621e-05
812 -0.0311414 0.0318339 -2.50336e-06
813 0.0311353 0.0318279 -4.6349e-06
814 0.000207649 -0.064874 -0.000186291
815 -0.0311379 0.0318258 -5.38526e-06
816 0.0311462 0.0318258 -5.39133e-06
817 -0.0541273 -0.0647334 -7.34376e-05
818 -0.0310875 0.0318257 -4.63376e-06
819 0.0305952 0.032034 -2.50737e-06
820 0.0560177 -0.0669448 -0.00132246
821 -0.0305433 0.0319558 -4.8777e-05
822 0.0311216 0.031807 -1.92803e-05
823 0.000300642 -0.0641963 -4.93511e-05
824 -0.0311276 0.0318325 -6.41474e-06
825 0.0311401 0.0318419 -1.22435e-06
826 -0.000519839 -0.064195 -4.87089e-05
827 -0.0311418 0.031842 -1.21942e-06
828 0.0311207 0.0318326 -6.38299e-06
829 -0.00177637 -0.0667407 -0.00131948
830 -0.031169 0.0318093 -1.9225e-05
831 0.0310896 0.0317559 -4.8672e-05
832 -0.00176388 -0.0719645 -0.00392773
833 -0.0311858 0.0316936 -8.3026e-05
834 0.0311101 0.0316424 -0.000111274
835 0.000207649 -0.0740012 -0.00494452
836 -0.0311467 0.0316222 -0.000122376
837 0.0311549 0.0316222 -0.000122382
838 -0.0524634 -0.0721624 -0.0039276
839 -0.0310623 0.0316401 -0.000111273
840 0.0306396 0.0318937 -8.303e-05
841 0.0760089 -0.0841185 -0.0201397
842 -0.0297872 0.0312242 -0.00101746
843 0.0313737 0.0316767 -0.000212734
844 0.00236088 -0.0650182 -0.00131023
845 -0.031052 0.0318123 -4.87928e-05
846 0.0311524 0.0318428 -1.12966e-05
847 -0.00257118 -0.0650133 -0.00130529
848 -0.0311541 0.0318429 -1.12657e-05
849 0.0310454 0.0318125 -4.85662e-05
850 -0.0217197 -0.0838469 -0.0200663
851 -0.0314202 0.0316797 -0.000211771
852 0.0303351 0.0310273 -0.00101351
853 -0.0213661 -0.15821 -0.0942042
854 -0.0320786 0.0296473 -0.00270942
855 0.031003 0.0289976 -0.00350787
856 0.000207663 -0.17587 -0.111797
857 -0.0313424 0.0288709 -0.00366349
858 0.0313506 0.0288709 -0.00366349
859 -0.0328611 -0.158408 -0.0942041
860 -0.0309551 0.0289953 -0.00350787
861 0.0315324 0.0298474 -0.00270943
862 0.136581 -0.118199 -0.0800777
863 -0.0277127 0.0330603 -0.00371293
864 0.0316814 0.0322596 -0.000495382
865 0.00513699 -0.11724 -0.00281553
866 -0.0309311 0.0321862 -8.89013e-05
867 0.0311089 0.0321732 -1.88123e-05
868 -0.0053335 -0.11724 -0.00280319
869 -0.0311104 0.0321732 -1.87558e-05
870 0.0309248 0.0321862 -8.84561e-05
871 -0.0821163 -0.117998 -0.0797442
872 -0.0317261 0.0322613 -0.000492636
873 0.028268 0.0328561 -0.00369332
874 -0.0815983 -0.12318 1.99181
875 -0.035392 0.0348529 -0.0144237
876 0.0319504 0.0354472 -0.0176212
877 0.000207773 -0.12392 1.91737
878 -0.0327016 0.0355201 -0.0180137
879 0.0327098 0.03552 -0.0180138
880 0.0273721 -0.123377 1.99181
881 -0.0319025 0.0354449 -0.0176212
882 0.0348462 0.0350534 -0.0144237
883 0.142353 0.074583 -0.0533313
884 -0.0292824 0.0339285 0.000160352
885 0.0314583 0.0321177 0.000160203
886 0.00523003 -0.00761131 -0.0533324
887 -0.0310079 0.0318431 0.000160185
888 0.0311342 0.0317862 0.000160188
889 -0.00542611 -0.00762383 -0.0533325
890 -0.0311358 0.0317862 0.000160187
891 0.0310014 0.0318428 0.000160187
892 -0.0878599 0.0744098 -0.0533325
893 -0.0315043 0.0321182 0.000160187
894 0.0298317 0.03372 0.000160187
895 -0.0873384 -1.99455 -0.0533325
896 -0.0327374 0.0376861 0.000160187
897 0.031079 0.0392848 0.000160187
898 0.000207887 -1.91503 -0.0533324
899 -0.0315412 0.0395494 0.000160188
900 0.0315494 0.0395494 0.000160185
901 0.0331135 -1.99475 -0.0533313
902 -0.0310311 0.0392825 0.000160203
903 0.0321914 0.0378861 0.000160352
904 0.0577917 -0.0577971 -0.0533325
905 -0.0305395 0.0321077 0.00016033
906 0.0310935 0.0318643 0.000160184
907 0.000627222 -0.0630342 -0.0533336
908 -0.0311138 0.0318443 0.000160163
909 0.0311219 0.0318358 0.000160169
910 -0.00084564 -0.0630367 -0.0533336
911 -0.0311237 0.0318358 0.000160169
912 0.0311069 0.0318442 0.000160169
913 -0.00354887 -0.0576141 -0.0533336
914 -0.031141 0.0318664 0.000160169
915 0.0310856 0.0319074 0.000160169
916 -0.00353169 -0.0445769 -0.0533336
917 -0.031152 0.0319581 0.000160169
918 0.0310971 0.0319991 0.000160169
919 0.000207775 -0.0399828 -0.0533336
920 -0.031124 0.032016 0.000160169
921 0.0311322 0.032016 0.000160163
922 -0.0506945 -0.0447749 -0.0533325
923 -0.0310492 0.0319968 0.000160184
924 0.0306059 0.0321582 0.00016033
925 0.0544121 -0.0633582 -0.0533325
926 -0.0305704 0.0320379 0.00016033
927 0.0310719 0.0318338 0.000160184
928 -0.000204947 -0.0636725 -0.0533336
929 -0.0311247 0.0318321 0.000160163
930 0.0311165 0.0318321 0.000160169
931 -1.53044e-05 -0.0636726 -0.0533337
932 -0.0311182 0.0318321 0.000160169
933 0.0311178 0.0318321 0.000160169
934 -0.000173448 -0.0631609 -0.0533337
935 -0.0311194 0.031836 0.000160169
936 0.0311165 0.0318378 0.000160169
937 -0.000160953 -0.0623809 -0.0533337
938 -0.0311199 0.0318428 0.000160169
939 0.0311175 0.0318445 0.000160169
940 0.00020776 -0.0618738 -0.0533336
941 -0.0311173 0.0318484 0.000160169
942 0.0311255 0.0318484 0.000160163
943 -0.0540653 -0.0625788 -0.0533325
944 -0.0310696 0.0318423 0.000160184
945 0.0305738 0.0320429 0.00016033
946 0.0544046 -0.0643619 -0.0533325
947 -0.0305656 0.0320151 0.00016033
948 0.0310739 0.0318221 0.000160185
949 -0.00020776 -0.0636644 -0.0533336
950 -0.0311219 0.0318276 0.000160163
951 0.0311165 0.0318322 0.00016017
952 -1.24944e-05 -0.0636645 -0.0533337
953 -0.0311182 0.0318322 0.00016017
954 0.031115 0.0318277 0.00016017
955 -0.000165996 -0.0641634 -0.0533337
956 -0.0311214 0.0318243 0.00016017
957 0.0311117 0.031815 0.00016017
958 -0.000153501 -0.0649223 -0.0533337
959 -0.0311228 0.0318083 0.00016017
960 0.0311136 0.0317991 0.00016017
961 0.00020776 -0.0654213 -0.0533336
962 -0.0311182 0.0317957 0.00016017
963 0.0311265 0.0317956 0.000160163
964 -0.0540727 -0.0651202 -0.0533325
965 -0.0310657 0.0317968 0.000160185
966 0.0305767 0.0320084 0.00016033
967 0.0576615 -0.0699093 -0.0533325
968 -0.030463 0.0318088 0.00016033
969 0.031132 0.0317484 0.000160184
970 0.000605256 -0.0644684 -0.0533336
971 -0.0310946 0.0318028 0.000160163
972 0.0311223 0.031821 0.000160169
973 -0.000823745 -0.0644661 -0.0533337
974 -0.031124 0.0318211 0.000160169
975 0.0310878 0.0318029 0.000160169
976 -0.00341889 -0.0696971 -0.0533337
977 -0.0311794 0.0317508 0.000160169
978 0.0310092 0.0316093 0.000160169
979 -0.0034064 -0.0822001 -0.0533337
980 -0.0312269 0.0314233 0.000160169
981 0.0310619 0.0312849 0.000160169
982 0.00020776 -0.0866172 -0.0533336
983 -0.0311366 0.031238 0.000160169
984 0.0311448 0.031238 0.000160163
985 -0.0508198 -0.0823979 -0.0533325
986 -0.031014 0.0312826 0.000160184
987 0.0306808 0.0316234 0.00016033
988 0.134777 -0.142034 -0.0533325
989 -0.0228635 0.0236509 0.000160331
990 0.0322343 0.0310997 0.000160185
991 0.0050851 -0.0664672 -0.0533336
992 -0.0308952 0.0317289 0.000160164
993 0.0311535 0.0318152 0.00016017
994 -0.00528189 -0.0664551 -0.0533336
995 -0.031155 0.0318153 0.00016017
996 0.0308893 0.0317295 0.00016017
997 -0.0803206 -0.141515 -0.0533336
998 -0.0322757 0.0311066 0.00016017
999 0.0234458 0.0235065 0.00016017
1000 -0.079805 1.94686 -0.0533336
1001 -0.0460023 -0.0112729 0.00016017
1002 0.0371917 -0.0188699 0.00016017
1003 0.000207774 1.87428 -0.0533336
1004 -0.0385154 -0.0194804 0.00016017
1005 0.0385236 -0.0194804 0.000160164
1006 0.0255788 1.94666 -0.0533325
1007 -0.0371438 -0.0188722 0.000160185
1008 0.0454562 -0.0110728 0.000160331
1009 -2.03989 -0.128726 -0.0533315
1010 0.016432 0.0431003 0.000160447
1011 0.0351254 0.0327484 0.000160298
1012 0.0127138 -0.117243 -0.0533326
1013 -0.0305896 0.0322037 0.00016028
1014 0.0311202 0.0321601 0.000160282
1015 -0.0128648 -0.117243 -0.0533327
1016 -0.0311215 0.0321601 0.000160282
1017 0.0305854 0.0322034 0.000160282
1018 2.03873 -0.12868 -0.0533327
1019 -0.0351417 0.0327454 0.000160282
1020 -0.0164949 0.0430553 0.000160282
